1 0.4966329976851852 0.5681818171296297 0.4945286203703703 0.5681818171296297 0.4945286203703703 0.5744949490740741 0.4966329976851852 0.5744949490740741 0.4966329976851852 0.5681818171296297
0 0.48842592592592593 0.46064814814814814 0.49074074074074076 0.46296296296296297 0.49074074074074076 0.4699074074074074 0.48148148148148145 0.48842592592592593 0.4722222222222222 0.4861111111111111 0.4699074074074074 0.48148148148148145 0.4791666666666667 0.4652777777777778 0.4791666666666667 0.46064814814814814 0.48148148148148145 0.4583333333333333 0.4861111111111111 0.46064814814814814
0 0.5 0.4675925925925926 0.5023148148148148 0.4675925925925926 0.5023148148148148 0.47453703703703703 0.5046296296296297 0.47685185185185186 0.5092592592592593 0.4699074074074074 0.5138888888888888 0.4722222222222222 0.5092592592592593 0.4791666666666667 0.5092592592592593 0.4837962962962963 0.5 0.49537037037037035 0.4930555555555556 0.49074074074074076 0.4930555555555556 0.4861111111111111 0.5 0.4699074074074074
0 0.42592592592592593 0.5740740740740741 0.43287037037037035 0.5810185185185185 0.43287037037037035 0.5856481481481481 0.4212962962962963 0.5949074074074074 0.4166666666666667 0.5949074074074074 0.41435185185185186 0.5925925925925926 0.41435185185185186 0.5833333333333334 0.4166666666666667 0.5787037037037037 0.4236111111111111 0.5740740740740741
0 0.44212962962962965 0.6365740740740741 0.4513888888888889 0.6180555555555556 0.4537037037037037 0.6180555555555556 0.45601851851851855 0.6226851851851852 0.45601851851851855 0.6296296296296297 0.44907407407407407 0.6365740740740741 0.4444444444444444 0.6365740740740741
0 0.4340277777777778 0.6111111111111112 0.019675925925925927 0.023148148148148147
0 0.49537037037037035 0.6273148148148148 0.4976851851851852 0.6296296296296297 0.49537037037037035 0.6342592592592593 0.49537037037037035 0.6435185185185185 0.5 0.6504629629629629 0.4976851851851852 0.6550925925925926 0.49074074074074076 0.6550925925925926 0.4861111111111111 0.6435185185185185 0.4861111111111111 0.6319444444444444 0.4930555555555556 0.6273148148148148
0 0.47453703703703703 0.6296296296296297 0.47685185185185186 0.6319444444444444 0.47685185185185186 0.6458333333333334 0.4722222222222222 0.6527777777777778 0.4675925925925926 0.6527777777777778 0.4652777777777778 0.6504629629629629 0.4652777777777778 0.6342592592592593 0.4722222222222222 0.6296296296296297
0 0.5185185185185185 0.6180555555555556 0.5162037037037037 0.6296296296296297 0.5231481481481481 0.6365740740740741 0.5231481481481481 0.6412037037037037 0.5185185185185185 0.6458333333333334 0.5115740740740741 0.6458333333333334 0.5092592592592593 0.6342592592592593 0.5046296296296297 0.6273148148148148 0.5092592592592593 0.6180555555555556 0.5162037037037037 0.6180555555555556
0 0.5254629629629629 0.47685185185185186 0.5277777777777778 0.4791666666666667 0.5231481481481481 0.48842592592592593 0.5231481481481481 0.5046296296296297 0.5138888888888888 0.5046296296296297 0.5115740740740741 0.5023148148148148 0.5115740740740741 0.4976851851851852 0.5185185185185185 0.49074074074074076 0.5185185185185185 0.4861111111111111 0.5231481481481481 0.4791666666666667
0 0.47453703703703703 0.4375 0.47685185185185186 0.4398148148148148 0.49074074074074076 0.4398148148148148 0.5046296296296297 0.44675925925925924 0.5162037037037037 0.44907407407407407 0.5231481481481481 0.4537037037037037 0.5393518518518519 0.4583333333333333 0.5509259259259259 0.4675925925925926 0.5555555555555556 0.4791666666666667 0.5555555555555556 0.4861111111111111 0.5601851851851852 0.49537037037037035 0.5601851851851852 0.5023148148148148 0.5625 0.5046296296296297 0.5625 0.5115740740740741 0.5671296296296297 0.5231481481481481 0.5671296296296297 0.5324074074074074 0.5694444444444444 0.5347222222222222 0.5694444444444444 0.5416666666666666 0.5740740740740741 0.5532407407407407 0.5763888888888888 0.5763888888888888 0.5787037037037037 0.5787037037037037 0.5787037037037037 0.6157407407407407 0.5740740740740741 0.6273148148148148 0.5648148148148148 0.6365740740740741 0.5601851851851852 0.6481481481481481 0.5370370370370371 0.6782407407407407 0.5347222222222222 0.6851851851851852 0.5208333333333334 0.7060185185185185 0.5069444444444444 0.7175925925925926 0.5023148148148148 0.7175925925925926 0.48148148148148145 0.7037037037037037 0.47453703703703703 0.7037037037037037 0.46296296296296297 0.6967592592592593 0.45601851851851855 0.6967592592592593 0.4537037037037037 0.6944444444444444 0.4398148148148148 0.6921296296296297 0.4212962962962963 0.6851851851851852 0.41898148148148145 0.6805555555555556 0.41898148148148145 0.6527777777777778 0.4166666666666667 0.6504629629629629 0.4166666666666667 0.6365740740740741 0.41435185185185186 0.6342592592592593 0.41435185185185186 0.6273148148148148 0.41203703703703703 0.625 0.41203703703703703 0.6180555555555556 0.4074074074074074 0.6064814814814815 0.4074074074074074 0.5925925925925926 0.4050925925925926 0.5902777777777778 0.4050925925925926 0.5833333333333334 0.40046296296296297 0.5717592592592593 0.40046296296296297 0.5601851851851852 0.3958333333333333 0.5486111111111112 0.3958333333333333 0.5254629629629629 0.4074074074074074 0.5046296296296297 0.4212962962962963 0.48842592592592593 0.4236111111111111 0.48148148148148145 0.4305555555555556 0.47453703703703703 0.4351851851851852 0.4652777777777778 0.4444444444444444 0.45601851851851855 0.4444444444444444 0.4537037037037037 0.4513888888888889 0.44907407407407407 0.45601851851851855 0.4398148148148148 0.46064814814814814 0.4375 0.4722222222222222 0.4375
1 0.6313131319444445 0.9564393935185186 0.3556397314814814 0.6660353541666667 0.3914141412037037 0.5050505046296296 0.28216053935185187 0.08213333796296297 0.006313131944444444 0.022095960648148148 0.008417509259259258 0.44823232407407404 0.06523568981481481 0.5145202013888889 0.13468013425925926 0.8049242430555557 0.07575757638888889 0.7986111111111112 0.06734006712962963 0.8428030300925926 0.13047137962962962 0.975378787037037 0.6313131319444445 0.9564393935185186
1 0.8438552199074074 0.511363636574074 0.5429292939814815 0.1388888888888889 0.5072795462962963 0.1311298263888889 0.4082491574074074 0.5082070717592593 0.4587542083333333 0.4292929282407407 0.5555555555555556 0.4513888888888889 0.6039562291666667 0.599747474537037 0.5408249166666667 0.7670454537037037 0.6607744097222222 0.9248737384259259 0.8438552199074074 0.511363636574074