1 0 0.5203125000000001 0.025 0.5265624999999999 0.046875 0.5234375 0.1046875 0.5359375000000001 0.1265625 0.5234375 0.1484375 0.525 0.178125 0.509375 0.1953125 0.5187499999999999 0.2453125 0.5187499999999999 0.2734375 0.5421874999999999 0.27968750000000003 0.5421874999999999 0.2921875 0.5343749999999999 0.303125 0.5359375000000001 0.309375 0.5109374999999999 0.31875 0.50625 0.340625 0.521875 0.3453125 0.540625 0.353125 0.5421874999999999 0.3671875 0.5343749999999999 0.371875 0.521875 0.390625 0.5171875 0.39375 0.478125 0.3859375 0.4703125 0.365625 0.471875 0.3578125 0.4515625 0.36875 0.4484375 0.3859375 0.4265625 0.3796875 0.403125 0.3484375 0.3921875 0.3375 0.3828125 0.334375 0.3859375 0.3296875 0.3796875 0.3234375 0.38125 0.325 0.415625 0.315625 0.4203125 0.3171875 0.4328125 0.3125 0.4359375 0.31875 0.4421875 0.3109375 0.4484375 0.3109375 0.459375 0.3015625 0.459375 0.29531250000000003 0.46875 0.26875 0.4734375 0.25 0.5046875000000001 0.240625 0.5031249999999999 0.2328125 0.4875 0.215625 0.4828125 0.2 0.50625 0.1828125 0.509375 0.1734375 0.5031249999999999 0.171875 0.484375 0.1609375 0.478125 0.171875 0.465625 0.1625 0.4296875 0.1671875 0.40625 0.15 0.4 0.14375000000000002 0.4171875 0.146875 0.4359375 0.1546875 0.4359375 0.1546875 0.453125 0.153125 0.4578125 0.14375000000000002 0.4578125 0.140625 0.46875 0.1203125 0.48125 0.10625 0.48125 0.1015625 0.4734375 0.0859375 0.46875 0.0546875 0.4734375 0.053125 0.478125 0.035937500000000004 0.46875 0 0.46875 0 0.5203125000000001
1 0.121875 0.5234375 0.1203125 0.49375 0.0953125 0.4765625 0.0734375 0.471875 0.0625 0.4828125 0.0453125 0.4875 0.04375 0.5171875 0.0609375 0.5281250000000001 0.1046875 0.5359375000000001 0.121875 0.5234375
1 0.6078125 0.521875 0.6125 0.509375 0.6203125 0.5109374999999999 0.625 0.5203125000000001 0.6328125 0.5125000000000001 0.6390625 0.5187499999999999 0.6703125 0.525 0.725 0.521875 0.7265625 0.5171875 0.7234375 0.5046875000000001 0.7109375 0.5015625 0.7 0.4796875 0.6640625 0.465625 0.65 0.4734375 0.6296875 0.5109374999999999 0.6125 0.5046875000000001 0.60625 0.490625 0.6109375 0.5015625 0.5984375 0.5125000000000001 0.5875 0.5015625 0.584375 0.5046875000000001 0.5875 0.5140625 0.5812499999999999 0.5125000000000001 0.5828125000000001 0.5187499999999999 0.6078125 0.521875
1 0 0.515625 0.0203125 0.525 0.034374999999999996 0.525 0.040625 0.5187499999999999 0.028125 0.4921875 0.0328125 0.4875 0.028125 0.4703125 0 0.4703125 0 0.515625
1 0.5625 0.4703125 0.6046875 0.4703125 0.625 0.4640625 0.6625 0.4671875 0.665625 0.4625 0.6671875 0.4328125 0.65 0.43125 0.6375 0.4203125 0.6359375 0.4 0.6296875 0.4 0.6171875 0.425 0.5875 0.453125 0.5828125000000001 0.4515625 0.5921875 0.4171875 0.5875 0.4046875 0.540625 0.409375 0.5234375 0.428125 0.5 0.4234375 0.4953125 0.3984375 0.478125 0.3984375 0.4734375 0.4078125 0.490625 0.4734375 0.5296875 0.475 0.5390625 0.4609375 0.5625 0.4703125
1 0.7421875 0.4765625 0.76875 0.478125 0.7984375 0.4640625 0.8125 0.471875 0.865625 0.4734375 0.871875 0.4734375 0.8765625 0.465625 0.86875 0.434375 0.8125 0.396875 0.78125 0.4 0.7625 0.3921875 0.7546875 0.4015625 0.759375 0.4171875 0.7421875 0.428125 0.7484375 0.453125 0.7484375 0.4609375 0.7390625 0.4703125 0.7421875 0.4765625
1 0.790625 0.515625 0.7828125 0.4953125 0.7671875 0.496875 0.7671875 0.5187499999999999 0.7578125 0.5328125 0.775 0.5296875 0.790625 0.515625
1 0.8890625 0.5328125 0.89375 0.5265624999999999 0.8875 0.5140625 0.864117863425926 0.5162893703703704 0.865625 0.5343749999999999 0.8890625 0.5328125
1 0.996875 0.525 0.978125 0.5046875000000001 0.9484375 0.5203125000000001 0.946875 0.5281250000000001 0.9671875 0.540625 0.9796875 0.5390625 0.996875 0.525
1 0 0.521875 0.025 0.5281250000000001 0.046875 0.5234375 0.053125 0.5296875 0.1015625 0.5359375000000001 0.1265625 0.5234375 0.140625 0.5265624999999999 0.1734375 0.5140625 0.1890625 0.5140625 0.1984375 0.5203125000000001 0.24375 0.5187499999999999 0.27187500000000003 0.5437500000000001 0.28125 0.5453125 0.2921875 0.5343749999999999 0.3015625 0.540625 0.3109375 0.509375 0.3203125 0.50625 0.3421875 0.521875 0.3453125 0.540625 0.353125 0.5421874999999999 0.365625 0.5359375000000001 0.3671875 0.521875 0.375 0.5187499999999999 0.3765625 0.5109374999999999 0.3875 0.5109374999999999 0.396875 0.4921875 0.396875 0.4796875 0.403125 0.484375 0.4390625 0.4796875 0.4421875 0.4875 0.446875 0.484375 0.45 0.4890625 0.45625 0.48125 0.459375 0.484375 0.4734375 0.4765625 0.5 0.484375 0.515625 0.478125 0.5390625 0.48125 0.546875 0.4890625 0.5515625000000001 0.4828125 0.5671875000000001 0.5 0.5656249999999999 0.5125000000000001 0.5796875 0.521875 0.6453125 0.521875 0.66875 0.5281250000000001 0.7296875 0.5234375 0.75 0.5265624999999999 0.75 0.5328125 0.7625 0.5359375000000001 0.796875 0.5125000000000001 0.80625 0.5125000000000001 0.8140625 0.5046875000000001 0.8125 0.4875 0.8203125 0.4828125 0.83125 0.48125 0.83125 0.4875 0.84375 0.48125 0.871875 0.48125 0.8796875 0.4875 0.8828125 0.4796875 0.8953125 0.4875 0.8984375 0.4796875 0.9109375 0.4734375 0.9203125 0.475 0.928125 0.4890625 0.9375 0.4890625 0.94375 0.48125 0.98125 0.4859375 0.984375 0.4953125 0.978125 0.5046875000000001 0.9671875 0.5046875000000001 0.953125 0.5140625 0.9484375 0.5265624999999999 0.953125 0.5328125 0.965625 0.5375 0.9984375 0.5281250000000001 0.9984375 0.5032453124999999 0.9921875 0.4984375 0.9984375 0.4949515625 0.9984375 0.4203125 0.984375 0.41875 0.984375 0.396875 0.975 0.39375 0.9421875 0.4 0.9265625 0.421875 0.9203125 0.409375 0.9046875 0.4078125 0.8765625 0.4265625 0.821875 0.3953125 0.7890625 0.3875 0.7734375 0.390625 0.7609375 0.3828125 0.7484375 0.396875 0.753125 0.4078125 0.75 0.41875 0.715625 0.4296875 0.7046875 0.415625 0.6984375 0.415625 0.7 0.409375 0.6921875 0.4171875 0.6890625 0.4140625 0.671875 0.434375 0.6640625 0.425 0.6453125 0.425 0.640625 0.4171875 0.65 0.4125 0.6421875 0.409375 0.6375 0.3984375 0.6265625 0.3984375 0.6046875 0.4203125 0.596875 0.4171875 0.5859375 0.4 0.5750000000000001 0.4 0.5703125 0.40625 0.5343749999999999 0.4078125 0.53125 0.41875 0.521875 0.421875 0.50625 0.3953125 0.4765625 0.3890625 0.459375 0.4 0.4625 0.409375 0.4375 0.409375 0.4375 0.421875 0.43125 0.425 0.4171875 0.4203125 0.4140625 0.409375 0.403125 0.4125 0.390625 0.4 0.3765625 0.4 0.3234375 0.36875 0.3109375 0.3703125 0.3078125 0.378125 0.29375 0.384375 0.2109375 0.378125 0.1953125 0.39375 0.1875 0.3921875 0.1859375 0.384375 0.178125 0.3890625 0.153125 0.3796875 0.1421875 0.3828125 0.134375 0.39375 0.115625 0.3953125 0.1125 0.4046875 0.1390625 0.4203125 0.13125 0.428125 0.134375 0.4375 0.1265625 0.440625 0.1265625 0.453125 0.1234375 0.45625 0.115625 0.4484375 0.121875 0.45625 0.1140625 0.459375 0.1140625 0.465625 0.1015625 0.465625 0.096875 0.4625 0.0984375 0.4546875 0.084375 0.4578125 0.0828125 0.4515625 0.0734375 0.4578125 0.0703125 0.4546875 0.0703125 0.4625 0.05625 0.4609375 0.05 0.4546875 0.040625 0.4671875 0 0.465625 0 0.521875
0 0 0 0 0.4375 0.0046875 0.453125 0.028125 0.4453125 0.03125 0.4234375 0.046875 0.4046875 0.0765625 0.409375 0.10625 0.378125 0.12968749999999998 0.378125 0.13593750000000002 0.3640625 0.1578125 0.3609375 0.1734375 0.36875 0.203125 0.3640625 0.20625 0.35625 0.28125 0.365625 0.3078125 0.3640625 0.3140625 0.3546875 0.328125 0.353125 0.365625 0.378125 0.3734375 0.3703125 0.390625 0.36875 0.4203125 0.375 0.4265625 0.38125 0.4625 0.378125 0.478125 0.36875 0.5140625 0.371875 0.5203125000000001 0.378125 0.5953125 0.3734375 0.60625 0.3828125 0.6125 0.3765625 0.615625 0.384375 0.6203125 0.38125 0.6328125 0.390625 0.66875 0.390625 0.6984375 0.3765625 0.7265625 0.4015625 0.7296875 0.3953125 0.7390625 0.39375 0.74375 0.3765625 0.771875 0.365625 0.7921875 0.3765625 0.825 0.3703125 0.8765625 0.4078125 0.89375 0.3921875 0.9078125 0.3890625 0.9234375 0.39375 0.9453125 0.378125 0.9765625 0.375 0.99375 0.3859375 0.9984375 0.38125 0.9984375 0 0 0