1 0.7569444444444444 0.48842592592592593 0.7638888888888888 0.48842592592592593 0.7662037037037037 0.49074074074074076 0.7662037037037037 0.5115740740740741 0.7638888888888888 0.5115740740740741 0.7592592592592593 0.5046296296296297 0.7569444444444444 0.49074074074074076
1 0.5787037037037037 0.1087962962962963 0.017361111111111112 0.02662037037037037
1 0.7175925925925926 0.4166666666666667 0.7222222222222222 0.41898148148148145 0.7245370370370371 0.4351851851851852 0.7222222222222222 0.4398148148148148 0.7175925925925926 0.44212962962962965 0.7106481481481481 0.4398148148148148 0.7083333333333334 0.4351851851851852 0.7106481481481481 0.43287037037037035 0.7106481481481481 0.42592592592592593 0.7175925925925926 0.41898148148148145
1 0.5856481481481481 0.23148148148148148 0.03587962962962963 0.11342592592592593
1 0.71875 0.49421296296296297 0.01273148148148148 0.020833333333333332
1 0.17824074074074073 0.14583333333333334 0.18055555555555555 0.14814814814814814 0.1875 0.14814814814814814 0.19212962962962962 0.1574074074074074 0.18518518518518517 0.16666666666666666 0.18518518518518517 0.19907407407407407 0.17824074074074073 0.20833333333333334 0.17592592592592593 0.22453703703703703 0.1712962962962963 0.22453703703703703 0.16898148148148148 0.2199074074074074 0.16203703703703703 0.2175925925925926 0.1574074074074074 0.21296296296296297 0.1574074074074074 0.19907407407407407 0.1597222222222222 0.19675925925925927 0.1574074074074074 0.19444444444444445 0.1574074074074074 0.1736111111111111 0.1597222222222222 0.1712962962962963 0.1597222222222222 0.16435185185185186 0.16666666666666666 0.14814814814814814 0.17592592592592593 0.14583333333333334
1 0.6319444444444444 0.10185185185185185 0.6412037037037037 0.10185185185185185 0.6435185185185185 0.10416666666666667 0.6435185185185185 0.12037037037037036 0.6412037037037037 0.125 0.6365740740740741 0.125 0.6319444444444444 0.11805555555555555 0.6319444444444444 0.10416666666666667
1 0.5300925925925926 0.4722222222222222 0.5347222222222222 0.4722222222222222 0.5370370370370371 0.47685185185185186 0.5370370370370371 0.49537037037037035 0.5347222222222222 0.4976851851851852 0.5347222222222222 0.5046296296296297 0.5324074074074074 0.5069444444444444 0.5324074074074074 0.5115740740740741 0.5254629629629629 0.5185185185185185 0.5254629629629629 0.5231481481481481 0.5162037037037037 0.5347222222222222 0.5162037037037037 0.5393518518518519 0.5115740740740741 0.5416666666666666 0.5138888888888888 0.5300925925925926 0.5185185185185185 0.5231481481481481 0.5185185185185185 0.5162037037037037 0.5231481481481481 0.5046296296296297 0.5231481481481481 0.4930555555555556 0.5300925925925926 0.47453703703703703
1 0.4074074074074074 0.08333333333333333 0.41435185185185186 0.08101851851851852 0.41898148148148145 0.08333333333333333 0.41898148148148145 0.08796296296296297 0.4212962962962963 0.09027777777777778 0.41898148148148145 0.10416666666666667 0.4166666666666667 0.10648148148148148 0.41203703703703703 0.10648148148148148 0.4074074074074074 0.10416666666666667 0.4074074074074074 0.08564814814814815
1 0.4652777777777778 0.1111111111111111 0.4722222222222222 0.1111111111111111 0.4722222222222222 0.12268518518518519 0.4699074074074074 0.12731481481481483 0.4652777777777778 0.12962962962962962 0.4652777777777778 0.13425925925925927 0.46064814814814814 0.1412037037037037 0.45601851851851855 0.14583333333333334 0.4513888888888889 0.14583333333333334 0.44907407407407407 0.15046296296296297 0.4444444444444444 0.1527777777777778 0.4444444444444444 0.1412037037037037 0.4513888888888889 0.12268518518518519 0.4652777777777778 0.11342592592592593
1 0.8148148148148148 0.33101851851851855 0.8217592592592593 0.33101851851851855 0.8217592592592593 0.33564814814814814 0.8240740740740741 0.33796296296296297 0.8240740740740741 0.3541666666666667 0.8217592592592593 0.35648148148148145 0.8171296296296297 0.3541666666666667 0.8125 0.3472222222222222 0.8125 0.33796296296296297 0.8148148148148148 0.3333333333333333
1 0.16666666666666666 0.5972222222222222 0.16898148148148148 0.5972222222222222 0.1712962962962963 0.6041666666666666 0.17824074074074073 0.6111111111111112 0.17824074074074073 0.6157407407407407 0.18287037037037038 0.6203703703703703 0.18287037037037038 0.625 0.17824074074074073 0.6273148148148148 0.17824074074074073 0.6319444444444444 0.17592592592592593 0.6342592592592593 0.16666666666666666 0.6342592592592593 0.16666666666666666 0.6296296296296297 0.16435185185185186 0.6273148148148148 0.16435185185185186 0.6018518518518519 0.16666666666666666 0.5995370370370371
1 0.42824074074074076 0.40046296296296297 0.4351851851851852 0.40046296296296297 0.4375 0.4027777777777778 0.4375 0.41203703703703703 0.43287037037037035 0.41898148148148145 0.42824074074074076 0.4166666666666667 0.42824074074074076 0.4027777777777778
1 0.41203703703703703 0.16203703703703703 0.41435185185185186 0.16435185185185186 0.41435185185185186 0.17824074074074073 0.4166666666666667 0.18055555555555555 0.4166666666666667 0.2152777777777778 0.41435185185185186 0.2175925925925926 0.41435185185185186 0.22453703703703703 0.4097222222222222 0.2361111111111111 0.4074074074074074 0.23842592592592593 0.4027777777777778 0.23842592592592593 0.40046296296296297 0.2337962962962963 0.4027777777777778 0.2199074074074074 0.4074074074074074 0.2152777777777778 0.4074074074074074 0.2037037037037037 0.4027777777777778 0.19675925925925927 0.4027777777777778 0.19212962962962962 0.4050925925925926 0.18981481481481483 0.4074074074074074 0.1736111111111111 0.41203703703703703 0.16898148148148148 0.41203703703703703 0.16435185185185186
1 0.6087962962962963 0.3912037037037037 0.6087962962962963 0.3888888888888889 0.6018518518518519 0.38425925925925924 0.5972222222222222 0.3726851851851852 0.5972222222222222 0.3472222222222222 0.6041666666666666 0.3402777777777778 0.6087962962962963 0.33101851851851855 0.6157407407407407 0.33101851851851855 0.6180555555555556 0.3333333333333333 0.6273148148148148 0.35185185185185186 0.6273148148148148 0.3773148148148148 0.625 0.37962962962962965 0.625 0.3912037037037037 0.6203703703703703 0.39351851851851855 0.6134259259259259 0.39351851851851855 0.6111111111111112 0.3912037037037037
1 0.6620370370370371 0.3125 0.6643518518518519 0.3148148148148148 0.6643518518518519 0.3287037037037037 0.6597222222222222 0.3263888888888889 0.6620370370370371 0.3148148148148148
1 0.2673611111111111 0.3587962962962963 0.01273148148148148 0.024305555555555556
1 0.22916666666666666 0.43171296296296297 0.009259259259259259 0.02662037037037037
1 0.7106481481481481 0.3449074074074074 0.7152777777777778 0.3449074074074074 0.7152777777777778 0.34953703703703703 0.7175925925925926 0.35185185185185186 0.7175925925925926 0.3611111111111111 0.7129629629629629 0.36342592592592593 0.7083333333333334 0.3541666666666667 0.7083333333333334 0.34953703703703703 0.7106481481481481 0.3472222222222222
1 0.7546296296296297 0.3587962962962963 0.7523148148148148 0.3541666666666667 0.75 0.33101851851851855 0.7476851851851852 0.3287037037037037 0.7476851851851852 0.3125 0.7523148148148148 0.30787037037037035 0.7592592592592593 0.30787037037037035 0.7662037037037037 0.3148148148148148 0.7662037037037037 0.33796296296296297 0.7592592592592593 0.3425925925925926 0.7592592592592593 0.3472222222222222 0.7546296296296297 0.35648148148148145
1 0.2361111111111111 0.3287037037037037 0.23842592592592593 0.3263888888888889 0.24074074074074073 0.30092592592592593 0.24537037037037038 0.29398148148148145 0.24537037037037038 0.28935185185185186 0.2523148148148148 0.2847222222222222 0.25462962962962965 0.29398148148148145 0.2523148148148148 0.2962962962962963 0.2523148148148148 0.3055555555555556 0.25 0.30787037037037035 0.25 0.32407407407407407 0.25462962962962965 0.33101851851851855 0.25462962962962965 0.3472222222222222 0.2523148148148148 0.34953703703703703 0.2523148148148148 0.3541666666666667 0.25 0.3541666666666667 0.24537037037037038 0.3425925925925926 0.23842592592592593 0.33564814814814814 0.23842592592592593 0.33101851851851855
1 0.9953703703703703 0.3263888888888889 0.9976851851851852 0.3287037037037037 0.9976851851851852 0.33564814814814814 0.9953703703703703 0.33796296296296297 0.9930555555555556 0.33564814814814814 0.9930555555555556 0.3287037037037037
1 0.5023148148148148 0.1527777777777778 0.5069444444444444 0.1550925925925926 0.5069444444444444 0.1712962962962963 0.5023148148148148 0.17592592592592593 0.49537037037037035 0.17592592592592593 0.49537037037037035 0.1597222222222222 0.5 0.1550925925925926
1 0.2523148148148148 0.5486111111111112 0.25462962962962965 0.5532407407407407 0.25462962962962965 0.5648148148148148 0.2569444444444444 0.5671296296296297 0.2569444444444444 0.5787037037037037 0.25462962962962965 0.5810185185185185 0.2523148148148148 0.5949074074074074 0.24305555555555555 0.6018518518518519 0.23148148148148148 0.6018518518518519 0.2222222222222222 0.5972222222222222 0.20833333333333334 0.5949074074074074 0.2037037037037037 0.5856481481481481 0.19675925925925927 0.5787037037037037 0.20601851851851852 0.5671296296296297 0.20833333333333334 0.5671296296296297 0.21064814814814814 0.5717592592592593 0.2199074074074074 0.5717592592592593 0.22685185185185186 0.5625 0.22916666666666666 0.5532407407407407 0.2361111111111111 0.5416666666666666 0.24537037037037038 0.5439814814814815 0.25 0.5486111111111112
1 0.4513888888888889 0.25 0.45601851851851855 0.25 0.4583333333333333 0.25462962962962965 0.4583333333333333 0.2638888888888889 0.4537037037037037 0.2662037037037037 0.4513888888888889 0.2638888888888889 0.4513888888888889 0.2523148148148148
1 0.9560185185185185 0.5347222222222222 0.9606481481481481 0.5370370370370371 0.9652777777777778 0.5462962962962963 0.9629629629629629 0.5601851851851852 0.9606481481481481 0.5625 0.9513888888888888 0.5625 0.9490740740740741 0.5601851851851852 0.9490740740740741 0.5486111111111112 0.9537037037037037 0.5370370370370371
1 0.2175925925925926 0.18518518518518517 0.2222222222222222 0.19444444444444445 0.2222222222222222 0.21296296296296297 0.2199074074074074 0.2152777777777778 0.2175925925925926 0.24305555555555555 0.21296296296296297 0.2523148148148148 0.20833333333333334 0.25462962962962965 0.2013888888888889 0.25462962962962965 0.2013888888888889 0.25 0.19907407407407407 0.24768518518518517 0.19907407407407407 0.22916666666666666 0.2013888888888889 0.22685185185185186 0.2013888888888889 0.2152777777777778 0.2037037037037037 0.21296296296296297 0.2037037037037037 0.19907407407407407 0.20601851851851852 0.19444444444444445 0.21296296296296297 0.19212962962962962 0.2175925925925926 0.1875
1 0.38425925925925924 0.3449074074074074 0.3888888888888889 0.3449074074074074 0.3888888888888889 0.37962962962962965 0.38657407407407407 0.3819444444444444 0.3819444444444444 0.37962962962962965 0.3819444444444444 0.34953703703703703 0.38425925925925924 0.3472222222222222
1 0.48148148148148145 0.28935185185185186 0.4861111111111111 0.29398148148148145 0.4861111111111111 0.3101851851851852 0.4837962962962963 0.3125 0.4837962962962963 0.31712962962962965 0.4791666666666667 0.3194444444444444 0.47453703703703703 0.3125 0.47453703703703703 0.30092592592592593 0.4791666666666667 0.2916666666666667
1 0.41203703703703703 0.3402777777777778 0.41203703703703703 0.3472222222222222 0.41435185185185186 0.34953703703703703 0.41435185185185186 0.36574074074074076 0.41203703703703703 0.3680555555555556 0.41203703703703703 0.4166666666666667 0.40046296296296297 0.41435185185185186 0.39814814814814814 0.41203703703703703 0.39814814814814814 0.4050925925925926 0.39351851851851855 0.39814814814814814 0.39351851851851855 0.375 0.3958333333333333 0.375 0.4050925925925926 0.36342592592592593 0.4074074074074074 0.3449074074074074 0.4097222222222222 0.3425925925925926
1 0.2037037037037037 0.5347222222222222 0.21064814814814814 0.5439814814814815 0.21064814814814814 0.5486111111111112 0.21296296296296297 0.5509259259259259 0.20601851851851852 0.5694444444444444 0.2037037037037037 0.5717592592592593 0.19212962962962962 0.5717592592592593 0.19212962962962962 0.5532407407407407 0.19907407407407407 0.5370370370370371 0.2013888888888889 0.5370370370370371
1 0.4166666666666667 0.2638888888888889 0.41898148148148145 0.27546296296296297 0.41435185185185186 0.2847222222222222 0.4097222222222222 0.2824074074074074 0.4097222222222222 0.2777777777777778 0.4074074074074074 0.27546296296296297 0.4074074074074074 0.26851851851851855 0.41435185185185186 0.2638888888888889
1 0.2337962962962963 0.1527777777777778 0.24305555555555555 0.1527777777777778 0.24768518518518517 0.1574074074074074 0.24768518518518517 0.1736111111111111 0.25 0.17592592592592593 0.25 0.18981481481481483 0.2523148148148148 0.19212962962962962 0.25 0.19907407407407407 0.24537037037037038 0.19907407407407407 0.2337962962962963 0.16898148148148148 0.2337962962962963 0.1550925925925926
1 0.4791666666666667 0.3287037037037037 0.4861111111111111 0.3287037037037037 0.4861111111111111 0.33564814814814814 0.48842592592592593 0.33796296296296297 0.48842592592592593 0.3541666666666667 0.48148148148148145 0.36342592592592593 0.4791666666666667 0.3611111111111111 0.4791666666666667 0.3425925925925926 0.47685185185185186 0.3402777777777778 0.4791666666666667 0.33101851851851855
1 0.8912037037037037 0.24074074074074073 0.8935185185185185 0.24074074074074073 0.8981481481481481 0.25 0.8958333333333334 0.2662037037037037 0.8888888888888888 0.2662037037037037 0.8865740740740741 0.2638888888888889 0.8865740740740741 0.24768518518518517 0.8912037037037037 0.24305555555555555
1 0.6944444444444444 0.2523148148148148 0.015046296296296295 0.034722222222222224