1 0 0 0 0.9984375 0.13125 0.9953125 0.13125 0 0.123046875 0 0 0
1 0.15 0.625 0.1484375 0.64375 0.14375000000000002 0.646875 0.1484375 0.6578125 0.1421875 0.6625 0.13749999999999998 0.678125 0.13593750000000002 0.99375 0.13749999999999998 0.9984375 0.2203125 0.9984375 0.228125 0.95625 0.2265625 0.896875 0.234375 0.8625 0.2328125 0.8375 0.240625 0.815625 0.2484375 0.8125 0.25156249999999997 0.7765625 0.225 0.7265625 0.21875 0.7046875 0.2125 0.6953125 0.1984375 0.6921875 0.2046875 0.6578125 0.1921875 0.625 0.16875 0.603125 0.1671875 0.6015625 0.15625 0.6046875 0.1515625 0.6171875 0.14375000000000002 0.6203125 0.15 0.625
1 0.14375000000000002 0.2203125 0.1515625 0.2453125 0.1515625 0.2625 0.146875 0.26718749999999997 0.14375000000000002 0.25625000000000003 0.14375000000000002 0.340625 0.146875 0.3375 0.1578125 0.34375 0.1609375 0.3578125 0.1578125 0.3671875 0.15 0.3546875 0.14531249999999998 0.3578125 0.14375000000000002 0.3765625 0.1484375 0.3828125 0.14375000000000002 0.3828125 0.1515625 0.4 0.153125 0.371875 0.159375 0.3703125 0.1671875 0.415625 0.171875 0.4109375 0.1796875 0.4234375 0.1796875 0.4390625 0.184375 0.4453125 0.1796875 0.45625 0.18125 0.478125 0.1875 0.484375 0.1921875 0.2890625 0.1890625 0.1734375 0.1546875 0.16875 0.153125 0.16875 0.14375000000000002 0.1734375 0.14375000000000002 0.18125 0.159375 0.18125 0.15 0.1875 0.1484375 0.215625 0.14375000000000002 0.2203125
1 0.28125 0 0.26875 0.00625 0.278125 0.0109375 0.278125 0.9984375 0.3578125 0.9984375 0.359375 0.990625 0.3546875 0.896875 0.3546875 0.6953125 0.359375 0.6390625 0.359375 0.084375 0.3578125 0.0203125 0.3546875 0.0046875 0.34375 0 0.3359375 0 0.28125 0
1 0.13749999999999998 0 0.13593750000000002 0.009375 0.13593750000000002 0.0546875 0.140625 0.0671875 0.1390625 0.153125 0.1421875 0.1609375 0.15 0.1640625 0.190625 0.16875 0.19375 0.2234375 0.190625 0.3484375 0.1859375 0.3484375 0.175 0.325 0.1828125 0.3234375 0.1796875 0.315625 0.184375 0.3 0.1765625 0.296875 0.18125 0.29375 0.1765625 0.2859375 0.1828125 0.27187500000000003 0.18125 0.26406250000000003 0.178125 0.2609375 0.18125 0.2703125 0.1765625 0.278125 0.1671875 0.278125 0.1640625 0.27187500000000003 0.1671875 0.265625 0.175 0.265625 0.171875 0.25625000000000003 0.178125 0.246875 0.18125 0.2484375 0.18125 0.2390625 0.178125 0.24375 0.1640625 0.24375 0.1609375 0.25 0.153125 0.2421875 0.153125 0.25156249999999997 0.159375 0.253125 0.1515625 0.2578125 0.15625 0.2609375 0.153125 0.2734375 0.1609375 0.28125 0.1625 0.3046875 0.16875 0.309375 0.1625 0.328125 0.146875 0.3265625 0.1515625 0.334375 0.146875 0.3359375 0.1421875 0.353125 0.14375000000000002 0.384375 0.1484375 0.3921875 0.14375000000000002 0.4 0.14375000000000002 0.5 0.159375 0.5046875000000001 0.153125 0.5125000000000001 0.146875 0.50625 0.14531249999999998 0.5109374999999999 0.153125 0.5187499999999999 0.146875 0.5187499999999999 0.1421875 0.5359375000000001 0.1421875 0.5750000000000001 0.15 0.5906250000000001 0.1515625 0.6125 0.14375000000000002 0.6203125 0.140625 0.6515625 0.14531249999999998 0.6578125 0.140625 0.6609375 0.13749999999999998 0.6796875 0.1390625 0.9984375 0.2765625 0.9953125 0.27499999999999997 0.6453125 0.2703125 0.634375 0.27499999999999997 0.6328125 0.27499999999999997 0.5828125000000001 0.2703125 0.578125 0.2765625 0.5109374999999999 0.27499999999999997 0.396875 0.2703125 0.3828125 0.27499999999999997 0.340625 0.26875 0.27968750000000003 0.2734375 0.27499999999999997 0.2703125 0.27187500000000003 0.27499999999999997 0.27187500000000003 0.27499999999999997 0.25625000000000003 0.26875 0.25156249999999997 0.27499999999999997 0.2484375 0.27499999999999997 0.2421875 0.26875 0.23125 0.27187500000000003 0.225 0.26718749999999997 0.228125 0.26875 0.221875 0.27499999999999997 0.2234375 0.27187500000000003 0.1859375 0.2765625 0.1609375 0.27499999999999997 0.13749999999999998 0.265625 0.13125 0.26406250000000003 0.11875 0.27187500000000003 0.109375 0.26718749999999997 0.103125 0.27187500000000003 0.103125 0.26875 0.090625 0.27499999999999997 0.0828125 0.27499999999999997 0.0125 0.2703125 0 0.2625 0 0.13749999999999998 0
1 0.3765625 0.7265625 0.38125 0.7328125 0.3765625 0.740625 0.3828125 0.7609375 0.38125 0.7828125 0.375 0.78125 0.375 0.7921875 0.396875 0.821875 0.409375 0.8171875 0.4140625 0.8015625 0.425 0.8171875 0.434375 0.8203125 0.446875 0.80625 0.446875 0.7953125 0.4578125 0.771875 0.465625 0.7 0.4578125 0.675 0.421875 0.625 0.415625 0.621875 0.403125 0.628125 0.390625 0.615625 0.3875 0.615625 0.38125 0.63125 0.38125 0.6921875 0.3765625 0.6953125 0.3765625 0.7265625
1 0.41875 0.89375 0.41875 0.9109375 0.4078125 0.925 0.4171875 0.9796875 0.4265625 0.9875 0.44375 0.9890625 0.4421875 0.99375 0.4484375 0.9984375 0.4765625 0.9984375 0.4765625 0.9640625 0.484375 0.9171875 0.4828125 0.8890625 0.4734375 0.875 0.4625 0.840625 0.459375 0.8375 0.45625 0.8515625 0.4421875 0.8625 0.4359375 0.8796875 0.41875 0.89375
1 0.496875 0.18125 0.5031249999999999 0.1890625 0.496875 0.24375 0.5015625 0.26875 0.5 0.3046875 0.49375 0.315625 0.490625 0.340625 0.490625 0.35 0.49375 0.346875 0.4984375 0.3546875 0.4984375 0.365625 0.49375 0.3703125 0.496875 0.434375 0.490625 0.4953125 0.4953125 0.5046875000000001 0.4921875 0.5546875 0.4984375 0.5812499999999999 0.4921875 0.6203125 0.5 0.6578125 0.490625 0.6953125 0.4953125 0.7703125 0.490625 0.8 0.5015625 0.8578125 0.5015625 0.9078125 0.50625 0.921875 0.5031249999999999 0.98125 0.5046875000000001 0.9875 0.5140625 0.990625 0.5109374999999999 0.9953125 0.521875 0.9984375 0.5171875 0.9765625 0.521875 0.959375 0.5203125000000001 0.9234375 0.525 0.9171875 0.5203125000000001 0.9078125 0.5265624999999999 0.903125 0.5203125000000001 0.8984375 0.5203125000000001 0.7859375 0.5296875 0.6609375 0.5296875 0.60625 0.521875 0.5875 0.5265624999999999 0.5671875000000001 0.521875 0.546875 0.5265624999999999 0.50625 0.521875 0.475 0.5234375 0.3671875 0.5281250000000001 0.3515625 0.5265624999999999 0.24375 0.5171875 0.228125 0.521875 0.1765625 0.5109374999999999 0.1703125 0.5125000000000001 0.1625 0.5015625 0.1390625 0.5 0.1390625 0.4984375 0.171875 0.50625 0.178125 0.5 0.184375 0.496875 0.18125
1 0.38125 0.4609375 0.4328125 0.4609375 0.4453125 0.45625 0.4453125 0.215625 0.4234375 0.2125 0.415625 0.203125 0.4109375 0.1984375 0.4046875 0.2125 0.371875 0.215625 0.371875 0.45625 0.38125 0.4609375
1 0.6484375 0 0.653125 0.2265625 0.6609375 0.2265625 0.6625 0.2140625 0.6765625 0.20625 0.68125 0.1921875 0.6890625 0.1921875 0.690625 0 0.6821875 0 0.6484375 0
1 0.7375 0.7890625 0.7484375 0.79375 0.7375 0.8140625 0.7453125 0.8453125 0.75 0.8484375 0.7484375 0.8796875 0.74375 0.8859375 0.7515625 0.9140625 0.7609375 0.9 0.75625 0.896875 0.7609375 0.890625 0.7609375 0.875 0.75625 0.8625 0.759375 0.8265625 0.753125 0.7953125 0.7515625 0.721875 0.75 0.721875 0.7453125 0.7296875 0.7375 0.7265625 0.734375 0.771875 0.7375 0.7890625
1 0.73125 0 0.728125 0.0140625 0.728125 0.171875 0.721875 0.1890625 0.728125 0.2125 0.7203125 0.2203125 0.7140625 0.2453125 0.725 0.2609375 0.725 0.27968750000000003 0.7125 0.2703125 0.7109375 0.2859375 0.7125 0.3078125 0.7203125 0.3109375 0.7296875 0.33125 0.73125 0.5 0.7359375 0.5437500000000001 0.734375 0.6953125 0.740625 0.71875 0.74375 0.709375 0.7515625 0.7140625 0.75 0.6953125 0.7578125 0.6640625 0.7515625 0.584375 0.7609375 0.5359375000000001 0.7625 0.43125 0.75625 0.3921875 0.7625 0.34375 0.7625 0.2703125 0.7578125 0.2125 0.75 0.184375 0.7578125 0.15 0.7578125 0.1 0.7515625 0.0609375 0.759375 0 0.75 0 0.73125 0
1 0.846875 0 0.8375 0.00625 0.8421875 0.025 0.8375 0.03125 0.8390625 0.0734375 0.834375 0.1 0.8375 0.171875 0.8421875 0.1609375 0.8390625 0.1515625 0.8421875 0.1484375 0.85 0.15625 0.85 0.178125 0.8390625 0.18125 0.8453125 0.1828125 0.8484375 0.190625 0.84375 0.19375 0.840625 0.1890625 0.8390625 0.2015625 0.8453125 0.1953125 0.85 0.20625 0.8453125 0.215625 0.846875 0.228125 0.8390625 0.2296875 0.8484375 0.2328125 0.8484375 0.246875 0.8390625 0.25156249999999997 0.8453125 0.26875 0.840625 0.3 0.846875 0.3125 0.840625 0.3109375 0.8375 0.3203125 0.8453125 0.325 0.846875 0.3328125 0.8375 0.36875 0.84375 0.3625 0.846875 0.365625 0.846875 0.3734375 0.8390625 0.378125 0.846875 0.39375 0.840625 0.4171875 0.8453125 0.428125 0.8390625 0.434375 0.8453125 0.4421875 0.8375 0.4703125 0.840625 0.4796875 0.846875 0.478125 0.8484375 0.4984375 0.846875 0.5109374999999999 0.8390625 0.5140625 0.8390625 0.521875 0.8453125 0.525 0.8375 0.546875 0.8484375 0.553125 0.8390625 0.5671875000000001 0.8453125 0.5640625 0.85 0.571875 0.846875 0.5828125000000001 0.8421875 0.5812499999999999 0.840625 0.571875 0.8359375 0.5875 0.8359375 0.6296875 0.840625 0.646875 0.834375 0.684375 0.834375 0.796875 0.8390625 0.8140625 0.8375 0.8375 0.84375 0.840625 0.8375 0.846875 0.8390625 0.86875 0.846875 0.871875 0.840625 0.8734375 0.8375 0.88125 0.8375 0.99375 0.840625 0.9875 0.8515625 0.99375 0.85 0.990625 0.85625 0.9890625 0.8640625 0.9953125 0.8796875 0.996875 0.9984375 0.9984375 0.9984375 0 0.9904609375 0 0.846875 0