1 0.7125 0.8859375 0.7375 0.8859375 0.74375 0.890625 0.74375 0.9 0.7515625 0.8890625 0.75625 0.89375 0.7578125 0.9 0.7515625 0.903125 0.7515625 0.9125 0.7453125 0.9171875 0.7515625 0.921875 0.75 0.9296875 0.7609375 0.9328125 0.7546875 0.94375 0.775 0.9578125 0.7796875 0.925 0.7765625 0.915625 0.7921875 0.90625 0.7890625 0.896875 0.778125 0.896875 0.7734375 0.8859375 0.7828125 0.8890625 0.7859375 0.884375 0.8078125 0.88125 0.8140625 0.865625 0.8125 0.5421874999999999 0.803125 0.53125 0.728125 0.5296875 0.725 0.5296875 0.7109375 0.53125 0.7046875 0.5421874999999999 0.7046875 0.8765625 0.7125 0.8859375
1 0.9171875 0.6859375 0.915625 0.7015625 0.90625 0.715625 0.8984375 0.6859375 0.8921875 0.6828125 0.8828125 0.6984375 0.871875 0.6984375 0.8703125 0.703125 0.871875 0.721875 0.8859375 0.7328125 0.8859375 0.7625 0.88125 0.7828125 0.86875 0.790625 0.8640625 0.80625 0.865625 0.9984375 0.91875 0.9984375 0.925 0.9796875 0.928125 0.9203125 0.921875 0.8515625 0.93125 0.809375 0.9296875 0.68125 0.940625 0.6296875 0.9390625 0.6078125 0.925 0.5765625 0.91875 0.5765625 0.9140625 0.5828125000000001 0.909375 0.6375 0.9015625 0.653125 0.9171875 0.6859375
1 0.49375 0.8375 0.5109374999999999 0.8484375 0.5296875 0.8453125 0.5328125 0.8234375 0.5328125 0.6765625 0.5265624999999999 0.665625 0.525 0.665625 0.5078125 0.6796875 0.5078125 0.7578125 0.4890625 0.809375 0.49375 0.8375
1 0.5078125 0.6296875 0.5046875000000001 0.5750000000000001 0.5109374999999999 0.5703125 0.5281250000000001 0.5750000000000001 0.5328125 0.5703125 0.525 0.48125 0.5187499999999999 0.4703125 0.509375 0.4703125 0.4984375 0.4859375 0.478125 0.5593750000000001 0.484375 0.6484375 0.5078125 0.6296875
1 0.4859375 0.3625 0.496875 0.4015625 0.509375 0.4078125 0.515625 0.3984375 0.5125000000000001 0.359375 0.521875 0.3484375 0.525 0.3140625 0.515625 0.296875 0.5046875000000001 0.29062499999999997 0.5 0.29062499999999997 0.4875 0.296875 0.4828125 0.30625 0.4890625 0.3265625 0.4859375 0.3625
1 0.5546875 0.1921875 0.5593750000000001 0.196875 0.56875 0.19375 0.5703125 0.1703125 0.578125 0.159375 0.5765625 0.15 0.5640625 0.14375000000000002 0.5625 0.14375000000000002 0.546875 0.1765625 0.546875 0.18125 0.5546875 0.18125 0.5546875 0.1921875
1 0.546875 0.3765625 0.5375 0.465625 0.5499999999999999 0.5 0.5703125 0.45625 0.5765625 0.45 0.5890624999999999 0.4546875 0.596875 0.4515625 0.6078125 0.428125 0.603125 0.403125 0.5875 0.4015625 0.5765625 0.39375 0.5812499999999999 0.30625 0.5750000000000001 0.28125 0.578125 0.2375 0.571875 0.2296875 0.5656249999999999 0.2296875 0.55625 0.234375 0.5484375 0.253125 0.5437500000000001 0.328125 0.546875 0.3765625
1 0.3 0.9859375 0.3 0.9984375 0.340625 0.9984375 0.3421875 0.959375 0.3328125 0.9265625 0.334375 0.8578125 0.33125 0.85 0.315625 0.8390625 0.3109375 0.8390625 0.303125 0.8484375 0.3015625 0.89375 0.315625 0.9390625 0.3 0.9859375
1 0.021875 0.35 0.0140625 0.3484375 0.0046875 0.3921875 0.0078125 0.403125 0.021875 0.415625 0.0265625 0.4921875 0.03125 0.4875 0.03125 0.4171875 0.0265625 0.4140625 0.03125 0.3875 0.028125 0.30625 0.025 0.30625 0.021875 0.3171875 0.028125 0.3203125 0.0265625 0.3453125 0.021875 0.35
1 0.015625 0.1625 0.015625 0.284375 0.025 0.29375 0.0328125 0.26875 0.03125 0.028125 0.0296875 0.017187499999999998 0.017187499999999998 0.009375 0.015625 0.009375 0.0015625 0.021875 0.0078125 0.028125 0.00625 0.0859375 0.015625 0.1625
1 0 0.96875 0.017187499999999998 0.9078125 0.0078125 0.8328125 0.0234375 0.7703125 0.0140625 0.6828125 0.00625 0.6609375 0.0078125 0.5593750000000001 0.0015625 0.5031249999999999 0 0.5031249999999999 0 0.96875
1 0.8296875 0.653125 0.8203125 0.678125 0.8234375 0.7046875 0.81875 0.7265625 0.81875 0.790625 0.8234375 0.803125 0.8234375 0.8828125 0.828125 0.890625 0.8234375 0.9453125 0.828125 0.98125 0.8234375 0.9984375 0.8375 0.99375 0.834375 0.9875 0.840625 0.9296875 0.8546875 0.3875 0.8546875 0.33125 0.85 0.3296875 0.8484375 0.3296875 0.8375 0.3546875 0.8421875 0.3828125 0.83125 0.4359375 0.8296875 0.653125