0 0.7604166666666666 0.6388888888888888 0.2282986111111111 0.4470486111111111
0 0.7934027777777778 0.2508680555555556 0.12065972222222222 0.3576388888888889
0 0.6527777777777778 0.2725694444444444 0.1701388888888889 0.4105902777777778
0 0.2482638888888889 0.4010416666666667 0.2378472222222222 0.7595486111111112
0 0.4609375 0.2309027777777778 0.1970486111111111 0.3576388888888889
0 0.5026041666666666 0.3402777777777778 0.1293402777777778 0.1076388888888889
0 0.5190972222222222 0.4609375 0.25 0.1440972222222222
0 0.546875 0.6510416666666666 0.21875 0.2673611111111111
0 0.6145833333333334 0.8315972222222222 0.1996527777777778 0.1657986111111111
0 0.3810763888888889 0.8454861111111112 0.2734375 0.2769097222222222
0 0.3289930555555556 0.6180555555555556 0.2013888888888889 0.4418402777777778