0 0.6503921568627451 0.8152121212121212 0.23065359477124184 0.2611515151515152
0 0.735032679738562 0.4603030303030303 0.47186274509803916 0.7452121212121212
0 0.20098039215686275 0.8 0.28431372549019607 0.3151515151515151
0 0.7745098039215687 0.09090909090909091 0.7777777777777778 0.09696969696969697 0.7843137254901961 0.09696969696969697 0.7843137254901961 0.10909090909090909 0.7875816993464052 0.11515151515151516 0.7875816993464052 0.1393939393939394 0.7908496732026143 0.14545454545454545 0.7908496732026143 0.17575757575757575 0.7941176470588235 0.18181818181818182 0.7941176470588235 0.20606060606060606 0.7973856209150327 0.21212121212121213 0.7973856209150327 0.24242424242424243 0.8006535947712419 0.24848484848484848 0.8006535947712419 0.26666666666666666 0.7973856209150327 0.2727272727272727 0.7810457516339869 0.2727272727272727 0.7777777777777778 0.2787878787878788 0.7450980392156863 0.2787878787878788 0.7418300653594772 0.28484848484848485 0.7222222222222222 0.28484848484848485 0.7189542483660131 0.2909090909090909 0.6928104575163399 0.2909090909090909 0.6895424836601307 0.296969696969697 0.6601307189542484 0.296969696969697 0.6568627450980392 0.30303030303030304 0.6339869281045751 0.30303030303030304 0.630718954248366 0.3090909090909091 0.6111111111111112 0.3090909090909091 0.6078431372549019 0.3151515151515151 0.5816993464052288 0.3151515151515151 0.5816993464052288 0.296969696969697 0.5784313725490197 0.2909090909090909 0.5784313725490197 0.2606060606060606 0.5751633986928104 0.2545454545454545 0.5751633986928104 0.21818181818181817 0.5718954248366013 0.21212121212121213 0.5718954248366013 0.17575757575757575 0.5686274509803921 0.1696969696969697 0.5686274509803921 0.13333333333333333 0.5816993464052288 0.13333333333333333 0.5849673202614379 0.12727272727272726 0.6176470588235294 0.12727272727272726 0.6209150326797386 0.12121212121212122 0.6437908496732027 0.12121212121212122 0.6470588235294118 0.11515151515151516 0.6764705882352942 0.11515151515151516 0.6797385620915033 0.10909090909090909 0.7091503267973857 0.10909090909090909 0.7124183006535948 0.10303030303030303 0.738562091503268 0.10303030303030303 0.7418300653594772 0.09696969696969697 0.7712418300653595 0.09696969696969697
0 0.7745098039215687 0.4121212121212121 0.7810457516339869 0.4303030303030303 0.7810457516339869 0.46060606060606063 0.7843137254901961 0.4666666666666667 0.7843137254901961 0.4909090909090909 0.7908496732026143 0.509090909090909 0.7908496732026143 0.5333333333333333 0.7941176470588235 0.5393939393939394 0.7941176470588235 0.5575757575757576 0.7973856209150327 0.5636363636363636 0.7973856209150327 0.5818181818181818 0.8006535947712419 0.5878787878787879 0.8006535947712419 0.6303030303030303 0.7973856209150327 0.6363636363636364 0.7843137254901961 0.6363636363636364 0.7810457516339869 0.6424242424242425 0.7549019607843137 0.6424242424242425 0.7516339869281046 0.6484848484848484 0.7287581699346405 0.6484848484848484 0.7254901960784313 0.6545454545454545 0.7026143790849673 0.6545454545454545 0.6993464052287581 0.6606060606060606 0.6830065359477124 0.6606060606060606 0.6797385620915033 0.6666666666666666 0.6601307189542484 0.6666666666666666 0.6568627450980392 0.6727272727272727 0.6209150326797386 0.6727272727272727 0.6176470588235294 0.6666666666666666 0.6176470588235294 0.6363636363636364 0.6143790849673203 0.6303030303030303 0.6143790849673203 0.6181818181818182 0.6111111111111112 0.6121212121212121 0.6111111111111112 0.5818181818181818 0.6078431372549019 0.5757575757575758 0.6078431372549019 0.5575757575757576 0.6045751633986928 0.5515151515151515 0.6045751633986928 0.5272727272727272 0.6013071895424836 0.5212121212121212 0.6013071895424836 0.4909090909090909 0.5980392156862745 0.48484848484848486 0.5980392156862745 0.45454545454545453 0.6013071895424836 0.4484848484848485 0.6241830065359477 0.4484848484848485 0.6274509803921569 0.44242424242424244 0.6437908496732027 0.44242424242424244 0.6470588235294118 0.43636363636363634 0.673202614379085 0.43636363636363634 0.6764705882352942 0.4303030303030303 0.6928104575163399 0.4303030303030303 0.696078431372549 0.42424242424242425 0.7124183006535948 0.42424242424242425 0.7156862745098039 0.41818181818181815 0.7450980392156863 0.41818181818181815 0.7483660130718954 0.4121212121212121 0.7712418300653595 0.4121212121212121
0 0.5359477124183006 0.32727272727272727 0.5392156862745098 0.3333333333333333 0.545751633986928 0.3333333333333333 0.5490196078431373 0.32727272727272727 0.5686274509803921 0.32727272727272727 0.5784313725490197 0.3393939393939394 0.5784313725490197 0.3575757575757576 0.5816993464052288 0.36363636363636365 0.5816993464052288 0.3878787878787879 0.5849673202614379 0.3939393939393939 0.5849673202614379 0.4121212121212121 0.5882352941176471 0.41818181818181815 0.5882352941176471 0.44242424242424244 0.5915032679738562 0.4484848484848485 0.5915032679738562 0.4666666666666667 0.5947712418300654 0.4727272727272727 0.5947712418300654 0.503030303030303 0.5980392156862745 0.509090909090909 0.5980392156862745 0.5393939393939394 0.6013071895424836 0.5454545454545454 0.6013071895424836 0.5636363636363636 0.6045751633986928 0.5696969696969697 0.6045751633986928 0.6060606060606061 0.6078431372549019 0.6121212121212121 0.6078431372549019 0.6242424242424243 0.6111111111111112 0.6303030303030303 0.6111111111111112 0.6545454545454545 0.6143790849673203 0.6606060606060606 0.6143790849673203 0.6787878787878788 0.6111111111111112 0.6848484848484848 0.6111111111111112 0.7151515151515152 0.6078431372549019 0.7212121212121212 0.6078431372549019 0.7454545454545455 0.6045751633986928 0.7515151515151515 0.6045751633986928 0.7575757575757576 0.5980392156862745 0.7696969696969697 0.5980392156862745 0.7575757575757576 0.5947712418300654 0.7515151515151515 0.5947712418300654 0.7151515151515152 0.5915032679738562 0.7090909090909091 0.5882352941176471 0.6909090909090909 0.5816993464052288 0.6787878787878788 0.5784313725490197 0.6787878787878788 0.5751633986928104 0.6848484848484848 0.5424836601307189 0.6848484848484848 0.5359477124183006 0.6666666666666666 0.5359477124183006 0.6424242424242425 0.5326797385620915 0.6363636363636364 0.5326797385620915 0.6060606060606061 0.5294117647058824 0.6 0.5326797385620915 0.593939393939394 0.5294117647058824 0.5878787878787879 0.5294117647058824 0.5757575757575758 0.5261437908496732 0.5696969696969697 0.5261437908496732 0.5575757575757576 0.5228758169934641 0.5515151515151515 0.5228758169934641 0.49696969696969695 0.5196078431372549 0.4909090909090909 0.5228758169934641 0.48484848484848486 0.5196078431372549 0.47878787878787876 0.5196078431372549 0.4666666666666667 0.5163398692810458 0.46060606060606063 0.5163398692810458 0.44242424242424244 0.5130718954248366 0.43636363636363634 0.5130718954248366 0.4121212121212121 0.5098039215686274 0.40606060606060607 0.5130718954248366 0.4 0.5098039215686274 0.3939393939393939 0.5098039215686274 0.37575757575757573 0.5065359477124183 0.3696969696969697 0.5065359477124183 0.3333333333333333 0.5326797385620915 0.3333333333333333
0 0.5620915032679739 0.6909090909090909 0.565359477124183 0.696969696969697 0.5718954248366013 0.696969696969697 0.5751633986928104 0.6909090909090909 0.5784313725490197 0.6909090909090909 0.5849673202614379 0.703030303030303 0.5849673202614379 0.7272727272727273 0.5915032679738562 0.7454545454545455 0.5882352941176471 0.7515151515151515 0.5915032679738562 0.7575757575757576 0.5882352941176471 0.7636363636363637 0.5882352941176471 0.7696969696969697 0.5915032679738562 0.7757575757575758 0.5915032679738562 0.7818181818181819 0.5980392156862745 0.793939393939394 0.6274509803921569 0.793939393939394 0.630718954248366 0.8 0.630718954248366 0.806060606060606 0.6437908496732027 0.8303030303030303 0.6470588235294118 0.8303030303030303 0.6503267973856209 0.8363636363636363 0.6633986928104575 0.8363636363636363 0.6666666666666666 0.8303030303030303 0.6830065359477124 0.8303030303030303 0.6862745098039216 0.8242424242424242 0.7058823529411765 0.8242424242424242 0.7091503267973857 0.8181818181818182 0.7516339869281046 0.8181818181818182 0.7516339869281046 0.8424242424242424 0.7483660130718954 0.8484848484848485 0.7483660130718954 0.8606060606060606 0.7450980392156863 0.8666666666666667 0.7450980392156863 0.8848484848484849 0.7418300653594772 0.8909090909090909 0.7418300653594772 0.9030303030303031 0.738562091503268 0.9090909090909091 0.738562091503268 0.9212121212121213 0.7352941176470589 0.9272727272727272 0.7254901960784313 0.9272727272727272 0.7222222222222222 0.9212121212121213 0.7124183006535948 0.9212121212121213 0.7091503267973857 0.9151515151515152 0.7026143790849673 0.9151515151515152 0.6993464052287581 0.9090909090909091 0.6928104575163399 0.9090909090909091 0.6895424836601307 0.9030303030303031 0.6830065359477124 0.9030303030303031 0.6797385620915033 0.896969696969697 0.673202614379085 0.896969696969697 0.6699346405228758 0.8909090909090909 0.6601307189542484 0.8909090909090909 0.6568627450980392 0.8848484848484849 0.6470588235294118 0.8848484848484849 0.6437908496732027 0.8787878787878788 0.6372549019607843 0.8787878787878788 0.6274509803921569 0.8666666666666667 0.6176470588235294 0.8666666666666667 0.6143790849673203 0.8606060606060606 0.6078431372549019 0.8606060606060606 0.6045751633986928 0.8545454545454545 0.5980392156862745 0.8545454545454545 0.5947712418300654 0.8484848484848485 0.5849673202614379 0.8484848484848485 0.5816993464052288 0.8424242424242424 0.5751633986928104 0.8424242424242424 0.5718954248366013 0.8363636363636363 0.565359477124183 0.8363636363636363 0.5620915032679739 0.8303030303030303 0.5555555555555556 0.8303030303030303 0.5522875816993464 0.8242424242424242 0.545751633986928 0.8242424242424242 0.5424836601307189 0.8181818181818182 0.5392156862745098 0.8181818181818182 0.5359477124183006 0.8121212121212121 0.5359477124183006 0.7333333333333333 0.5392156862745098 0.7272727272727273 0.5359477124183006 0.7212121212121212 0.5392156862745098 0.7151515151515152 0.5424836601307189 0.696969696969697 0.5588235294117647 0.696969696969697
0 0.9117647058823529 0.23030303030303031 0.9150326797385621 0.23636363636363636 0.9150326797385621 0.24848484848484848 0.9183006535947712 0.2545454545454545 0.9183006535947712 0.2727272727272727 0.9215686274509803 0.2787878787878788 0.9215686274509803 0.2909090909090909 0.9248366013071896 0.296969696969697 0.9248366013071896 0.3090909090909091 0.9281045751633987 0.3151515151515151 0.9281045751633987 0.3393939393939394 0.9313725490196079 0.34545454545454546 0.9313725490196079 0.3575757575757576 0.934640522875817 0.36363636363636365 0.934640522875817 0.37575757575757573 0.9379084967320261 0.38181818181818183 0.9379084967320261 0.4 0.9411764705882353 0.40606060606060607 0.9411764705882353 0.42424242424242425 0.9444444444444444 0.4303030303030303 0.9444444444444444 0.44242424242424244 0.9477124183006536 0.4484848484848485 0.9477124183006536 0.4666666666666667 0.9509803921568627 0.4727272727272727 0.9509803921568627 0.48484848484848486 0.954248366013072 0.4909090909090909 0.954248366013072 0.503030303030303 0.9575163398692811 0.509090909090909 0.9575163398692811 0.5212121212121212 0.9607843137254902 0.5272727272727272 0.9607843137254902 0.5454545454545454 0.9640522875816994 0.5515151515151515 0.9640522875816994 0.5636363636363636 0.9607843137254902 0.5696969696969697 0.9509803921568627 0.5696969696969697 0.9477124183006536 0.5757575757575758 0.9379084967320261 0.5757575757575758 0.934640522875817 0.5818181818181818 0.9248366013071896 0.5818181818181818 0.9215686274509803 0.5878787878787879 0.9150326797385621 0.5878787878787879 0.9117647058823529 0.593939393939394 0.9019607843137255 0.593939393939394 0.8986928104575164 0.6 0.8921568627450981 0.6 0.8888888888888888 0.6060606060606061 0.8790849673202614 0.6060606060606061 0.8758169934640523 0.6121212121212121 0.8660130718954249 0.6121212121212121 0.8627450980392157 0.6181818181818182 0.8529411764705882 0.6121212121212121 0.8529411764705882 0.6 0.8496732026143791 0.593939393939394 0.8496732026143791 0.5696969696969697 0.8464052287581699 0.5636363636363636 0.8464052287581699 0.5454545454545454 0.8431372549019608 0.5393939393939394 0.8431372549019608 0.509090909090909 0.8398692810457516 0.503030303030303 0.8398692810457516 0.4909090909090909 0.8366013071895425 0.48484848484848486 0.8366013071895425 0.4666666666666667 0.8333333333333334 0.46060606060606063 0.8333333333333334 0.4484848484848485 0.8300653594771242 0.44242424242424244 0.8300653594771242 0.42424242424242425 0.826797385620915 0.41818181818181815 0.826797385620915 0.4 0.8235294117647058 0.3939393939393939 0.8235294117647058 0.38181818181818183 0.8202614379084967 0.37575757575757573 0.8202614379084967 0.3575757575757576 0.8169934640522876 0.3515151515151515 0.8169934640522876 0.3333333333333333 0.8137254901960784 0.32727272727272727 0.8137254901960784 0.3090909090909091 0.8104575163398693 0.30303030303030304 0.8104575163398693 0.28484848484848485 0.8202614379084967 0.2727272727272727 0.826797385620915 0.2727272727272727 0.8300653594771242 0.26666666666666666 0.8366013071895425 0.26666666666666666 0.8398692810457516 0.2606060606060606 0.8496732026143791 0.2606060606060606 0.8529411764705882 0.2545454545454545 0.8594771241830066 0.2545454545454545 0.8627450980392157 0.24848484848484848 0.8725490196078431 0.24848484848484848 0.8758169934640523 0.24242424242424243 0.8823529411764706 0.24242424242424243 0.8856209150326797 0.23636363636363636 0.8954248366013072 0.23636363636363636 0.8986928104575164 0.23030303030303031 0.9084967320261438 0.23030303030303031
0 0.07516339869281045 0.4909090909090909 0.0784313725490196 0.4909090909090909 0.08169934640522876 0.48484848484848486 0.09477124183006536 0.48484848484848486 0.09803921568627451 0.47878787878787876 0.10784313725490197 0.47878787878787876 0.1111111111111111 0.4727272727272727 0.12745098039215685 0.4727272727272727 0.13071895424836602 0.4666666666666667 0.1503267973856209 0.4666666666666667 0.15359477124183007 0.46060606060606063 0.16339869281045752 0.46060606060606063 0.16666666666666666 0.45454545454545453 0.1895424836601307 0.45454545454545453 0.19281045751633988 0.4484848484848485 0.20588235294117646 0.4484848484848485 0.20915032679738563 0.44242424242424244 0.2222222222222222 0.44242424242424244 0.22549019607843138 0.43636363636363634 0.24509803921568626 0.43636363636363634 0.24836601307189543 0.4303030303030303 0.2581699346405229 0.4303030303030303 0.26143790849673204 0.42424242424242425 0.27124183006535946 0.42424242424242425 0.27450980392156865 0.41818181818181815 0.28431372549019607 0.41818181818181815 0.28431372549019607 0.43636363636363634 0.2875816993464052 0.44242424242424244 0.28431372549019607 0.4484848484848485 0.28431372549019607 0.45454545454545453 0.2875816993464052 0.46060606060606063 0.28431372549019607 0.4666666666666667 0.28431372549019607 0.5151515151515151 0.28104575163398693 0.5212121212121212 0.28104575163398693 0.5636363636363636 0.2777777777777778 0.5696969696969697 0.2777777777777778 0.6242424242424243 0.27450980392156865 0.6303030303030303 0.2581699346405229 0.6303030303030303 0.2549019607843137 0.6363636363636364 0.238562091503268 0.6363636363636364 0.23529411764705882 0.6424242424242425 0.22549019607843138 0.6424242424242425 0.2222222222222222 0.6484848484848484 0.19934640522875818 0.6484848484848484 0.19607843137254902 0.6545454545454545 0.18627450980392157 0.6545454545454545 0.1830065359477124 0.6606060606060606 0.16993464052287582 0.6606060606060606 0.16666666666666666 0.6666666666666666 0.1503267973856209 0.6666666666666666 0.14705882352941177 0.6727272727272727 0.13398692810457516 0.6727272727272727 0.13071895424836602 0.6787878787878788 0.10784313725490197 0.6787878787878788 0.10457516339869281 0.6848484848484848 0.09477124183006536 0.6848484848484848 0.0915032679738562 0.6909090909090909 0.08496732026143791 0.6909090909090909 0.08169934640522876 0.696969696969697 0.05228758169934641 0.696969696969697 0.05228758169934641 0.6787878787878788 0.05555555555555555 0.6727272727272727 0.05555555555555555 0.6545454545454545 0.058823529411764705 0.6484848484848484 0.058823529411764705 0.6242424242424243 0.06209150326797386 0.6181818181818182 0.06209150326797386 0.593939393939394 0.06535947712418301 0.5878787878787879 0.06535947712418301 0.5575757575757576 0.06862745098039216 0.5515151515151515 0.06862745098039216 0.5333333333333333 0.0718954248366013 0.5272727272727272 0.0718954248366013 0.503030303030303 0.07516339869281045 0.49696969696969695
0 0.7941176470588235 0.2787878787878788 0.7973856209150327 0.28484848484848485 0.803921568627451 0.28484848484848485 0.803921568627451 0.3212121212121212 0.8071895424836601 0.32727272727272727 0.8071895424836601 0.3333333333333333 0.7908496732026143 0.3515151515151515 0.7908496732026143 0.3575757575757576 0.7875816993464052 0.36363636363636365 0.7875816993464052 0.38181818181818183 0.7810457516339869 0.4 0.7843137254901961 0.40606060606060607 0.7843137254901961 0.44242424242424244 0.7875816993464052 0.4484848484848485 0.7908496732026143 0.4484848484848485 0.7941176470588235 0.45454545454545453 0.8137254901960784 0.45454545454545453 0.7973856209150327 0.45454545454545453 0.7941176470588235 0.46060606060606063 0.7973856209150327 0.4666666666666667 0.7973856209150327 0.4727272727272727 0.7941176470588235 0.47878787878787876 0.7941176470588235 0.503030303030303 0.7973856209150327 0.509090909090909 0.7973856209150327 0.5212121212121212 0.8006535947712419 0.5272727272727272 0.8071895424836601 0.5272727272727272 0.8006535947712419 0.5272727272727272 0.7973856209150327 0.5333333333333333 0.7973856209150327 0.5696969696969697 0.8006535947712419 0.5757575757575758 0.8006535947712419 0.5818181818181818 0.8071895424836601 0.593939393939394 0.8071895424836601 0.6303030303030303 0.803921568627451 0.6303030303030303 0.8006535947712419 0.6363636363636364 0.7875816993464052 0.6363636363636364 0.7843137254901961 0.6424242424242425 0.7581699346405228 0.6424242424242425 0.7549019607843137 0.6484848484848484 0.7320261437908496 0.6484848484848484 0.7287581699346405 0.6545454545454545 0.7091503267973857 0.6545454545454545 0.7058823529411765 0.6606060606060606 0.6764705882352942 0.6606060606060606 0.673202614379085 0.6666666666666666 0.6633986928104575 0.6666666666666666 0.6601307189542484 0.6727272727272727 0.6209150326797386 0.6727272727272727 0.6176470588235294 0.6666666666666666 0.6176470588235294 0.6484848484848484 0.6143790849673203 0.6424242424242425 0.6143790849673203 0.6181818181818182 0.6111111111111112 0.6121212121212121 0.6111111111111112 0.593939393939394 0.6078431372549019 0.5878787878787879 0.6078431372549019 0.5575757575757576 0.6013071895424836 0.5393939393939394 0.6013071895424836 0.503030303030303 0.5980392156862745 0.49696969696969695 0.5980392156862745 0.4666666666666667 0.5947712418300654 0.46060606060606063 0.5947712418300654 0.43636363636363634 0.5915032679738562 0.4303030303030303 0.5915032679738562 0.4121212121212121 0.5882352941176471 0.40606060606060607 0.5882352941176471 0.37575757575757573 0.5849673202614379 0.3696969696969697 0.5849673202614379 0.34545454545454546 0.5816993464052288 0.3393939393939394 0.5849673202614379 0.3333333333333333 0.5849673202614379 0.32727272727272727 0.5915032679738562 0.32727272727272727 0.5947712418300654 0.3212121212121212 0.6111111111111112 0.3212121212121212 0.6143790849673203 0.3151515151515151 0.6405228758169934 0.3151515151515151 0.6437908496732027 0.3090909090909091 0.6633986928104575 0.3090909090909091 0.6666666666666666 0.30303030303030304 0.6993464052287581 0.30303030303030304 0.7026143790849673 0.296969696969697 0.7222222222222222 0.296969696969697 0.7254901960784313 0.2909090909090909 0.7549019607843137 0.2909090909090909 0.7581699346405228 0.28484848484848485 0.7908496732026143 0.28484848484848485
0 0.38235294117647056 0.296969696969697 0.39215686274509803 0.296969696969697 0.3954248366013072 0.2909090909090909 0.47058823529411764 0.2909090909090909 0.47058823529411764 0.30303030303030304 0.4673202614379085 0.3090909090909091 0.4673202614379085 0.32727272727272727 0.46405228758169936 0.3333333333333333 0.46405228758169936 0.34545454545454546 0.46078431372549017 0.3515151515151515 0.46078431372549017 0.36363636363636365 0.45751633986928103 0.3696969696969697 0.45751633986928103 0.38181818181818183 0.4542483660130719 0.3878787878787879 0.4542483660130719 0.4 0.45098039215686275 0.40606060606060607 0.45098039215686275 0.41818181818181815 0.4477124183006536 0.42424242424242425 0.4477124183006536 0.43636363636363634 0.4444444444444444 0.44242424242424244 0.4444444444444444 0.46060606060606063 0.4411764705882353 0.4666666666666667 0.4411764705882353 0.47878787878787876 0.43790849673202614 0.48484848484848486 0.43790849673202614 0.49696969696969695 0.434640522875817 0.503030303030303 0.434640522875817 0.5151515151515151 0.43137254901960786 0.5151515151515151 0.42810457516339867 0.5212121212121212 0.369281045751634 0.5212121212121212 0.3660130718954248 0.5272727272727272 0.3627450980392157 0.5212121212121212 0.3627450980392157 0.49696969696969695 0.3660130718954248 0.4909090909090909 0.3660130718954248 0.47878787878787876 0.369281045751634 0.4727272727272727 0.3758169934640523 0.4727272727272727 0.3790849673202614 0.4666666666666667 0.3758169934640523 0.46060606060606063 0.369281045751634 0.46060606060606063 0.3660130718954248 0.45454545454545453 0.3660130718954248 0.43636363636363634 0.369281045751634 0.4303030303030303 0.369281045751634 0.42424242424242425 0.37254901960784315 0.42424242424242425 0.3790849673202614 0.4121212121212121 0.3790849673202614 0.4 0.3758169934640523 0.3939393939393939 0.37254901960784315 0.3939393939393939 0.37254901960784315 0.3696969696969697 0.3790849673202614 0.3575757575757576 0.3790849673202614 0.3515151515151515 0.38235294117647056 0.34545454545454546 0.38235294117647056 0.3393939393939394 0.3790849673202614 0.3333333333333333 0.3790849673202614 0.3090909090909091 0.38235294117647056 0.30303030303030304
0 0.8496732026143791 0.6303030303030303 0.8529411764705882 0.6363636363636364 0.8529411764705882 0.6424242424242425 0.8627450980392157 0.6727272727272727 0.8627450980392157 0.6848484848484848 0.8660130718954249 0.6909090909090909 0.8660130718954249 0.703030303030303 0.869281045751634 0.7090909090909091 0.869281045751634 0.7212121212121212 0.8758169934640523 0.7333333333333333 0.8758169934640523 0.7454545454545455 0.8823529411764706 0.7636363636363637 0.8823529411764706 0.7696969696969697 0.8790849673202614 0.7757575757575758 0.8562091503267973 0.7757575757575758 0.8529411764705882 0.7818181818181819 0.8300653594771242 0.7818181818181819 0.826797385620915 0.7878787878787878 0.8071895424836601 0.7878787878787878 0.803921568627451 0.793939393939394 0.7777777777777778 0.793939393939394 0.7745098039215687 0.8 0.7581699346405228 0.8 0.7549019607843137 0.806060606060606 0.7418300653594772 0.806060606060606 0.738562091503268 0.8121212121212121 0.6993464052287581 0.8121212121212121 0.696078431372549 0.8181818181818182 0.6830065359477124 0.8181818181818182 0.6797385620915033 0.8242424242424242 0.6470588235294118 0.8242424242424242 0.6372549019607843 0.806060606060606 0.6372549019607843 0.793939393939394 0.6405228758169934 0.7878787878787878 0.630718954248366 0.7757575757575758 0.630718954248366 0.7636363636363637 0.6274509803921569 0.7575757575757576 0.6274509803921569 0.7151515151515152 0.6209150326797386 0.703030303030303 0.6209150326797386 0.6909090909090909 0.6241830065359477 0.6848484848484848 0.6372549019607843 0.6848484848484848 0.6405228758169934 0.6787878787878788 0.6535947712418301 0.6787878787878788 0.6568627450980392 0.6848484848484848 0.6666666666666666 0.6848484848484848 0.673202614379085 0.6727272727272727 0.696078431372549 0.6727272727272727 0.6993464052287581 0.6666666666666666 0.7124183006535948 0.6666666666666666 0.7156862745098039 0.6606060606060606 0.7189542483660131 0.6666666666666666 0.7222222222222222 0.6606060606060606 0.7418300653594772 0.6606060606060606 0.7450980392156863 0.6545454545454545 0.7647058823529411 0.6545454545454545 0.7679738562091504 0.6484848484848484 0.7875816993464052 0.6484848484848484 0.7908496732026143 0.6424242424242425 0.8169934640522876 0.6424242424242425 0.8202614379084967 0.6363636363636364 0.8398692810457516 0.6363636363636364 0.8431372549019608 0.6303030303030303 0.8464052287581699 0.6303030303030303
0 0.16339869281045752 0.21212121212121213 0.18627450980392157 0.21212121212121213 0.1895424836601307 0.21818181818181817 0.19607843137254902 0.21818181818181817 0.19934640522875818 0.22424242424242424 0.21241830065359477 0.22424242424242424 0.21568627450980393 0.23030303030303031 0.2222222222222222 0.23030303030303031 0.22549019607843138 0.23636363636363636 0.238562091503268 0.23636363636363636 0.24183006535947713 0.24242424242424243 0.2549019607843137 0.24242424242424243 0.2581699346405229 0.24848484848484848 0.2679738562091503 0.24848484848484848 0.27124183006535946 0.2545454545454545 0.28104575163398693 0.2545454545454545 0.28431372549019607 0.2606060606060606 0.2908496732026144 0.2606060606060606 0.29411764705882354 0.26666666666666666 0.3104575163398693 0.26666666666666666 0.3137254901960784 0.2727272727272727 0.3235294117647059 0.2727272727272727 0.32679738562091504 0.2787878787878788 0.3366013071895425 0.2787878787878788 0.33986928104575165 0.28484848484848485 0.35294117647058826 0.28484848484848485 0.3562091503267974 0.2909090909090909 0.369281045751634 0.2909090909090909 0.37254901960784315 0.296969696969697 0.3758169934640523 0.296969696969697 0.3758169934640523 0.32727272727272727 0.37254901960784315 0.3333333333333333 0.37254901960784315 0.36363636363636365 0.369281045751634 0.3696969696969697 0.369281045751634 0.41818181818181815 0.3627450980392157 0.43636363636363634 0.3627450980392157 0.4727272727272727 0.35947712418300654 0.47878787878787876 0.35947712418300654 0.49696969696969695 0.3562091503267974 0.503030303030303 0.3562091503267974 0.5272727272727272 0.34967320261437906 0.5454545454545454 0.34967320261437906 0.5575757575757576 0.3464052287581699 0.5636363636363636 0.3464052287581699 0.5757575757575758 0.3431372549019608 0.5818181818181818 0.3431372549019608 0.593939393939394 0.33986928104575165 0.6 0.3333333333333333 0.5878787878787879 0.3333333333333333 0.5818181818181818 0.3235294117647059 0.5636363636363636 0.3235294117647059 0.5575757575757576 0.31699346405228757 0.5454545454545454 0.31699346405228757 0.5393939393939394 0.3104575163398693 0.5272727272727272 0.3104575163398693 0.5212121212121212 0.30718954248366015 0.5151515151515151 0.30718954248366015 0.47878787878787876 0.30392156862745096 0.4727272727272727 0.30392156862745096 0.44242424242424244 0.3006535947712418 0.43636363636363634 0.2973856209150327 0.41818181818181815 0.2908496732026144 0.40606060606060607 0.27450980392156865 0.40606060606060607 0.27124183006535946 0.4121212121212121 0.26143790849673204 0.4121212121212121 0.2581699346405229 0.41818181818181815 0.24509803921568626 0.41818181818181815 0.24183006535947713 0.42424242424242425 0.22549019607843138 0.42424242424242425 0.2222222222222222 0.4303030303030303 0.20588235294117646 0.4303030303030303 0.20261437908496732 0.43636363636363634 0.1895424836601307 0.43636363636363634 0.18627450980392157 0.44242424242424244 0.16339869281045752 0.44242424242424244 0.16013071895424835 0.4484848484848485 0.1503267973856209 0.4484848484848485 0.14705882352941177 0.45454545454545453 0.13725490196078433 0.45454545454545453 0.13398692810457516 0.4484848484848485 0.13398692810457516 0.41818181818181815 0.13725490196078433 0.4121212121212121 0.13725490196078433 0.3878787878787879 0.14052287581699346 0.38181818181818183 0.14052287581699346 0.3696969696969697 0.1437908496732026 0.36363636363636365 0.1437908496732026 0.34545454545454546 0.1503267973856209 0.32727272727272727 0.1503267973856209 0.30303030303030304 0.15359477124183007 0.296969696969697 0.15359477124183007 0.28484848484848485 0.1568627450980392 0.2787878787878788 0.1568627450980392 0.26666666666666666 0.16013071895424835 0.2606060606060606 0.16013071895424835 0.23636363636363636 0.16339869281045752 0.23030303030303031 0.16339869281045752 0.21818181818181817
0 0.12745098039215685 0.9454545454545454 0.12745098039215685 0.9393939393939394 0.12091503267973856 0.9272727272727272 0.11764705882352941 0.9090909090909091 0.1111111111111111 0.896969696969697 0.10784313725490197 0.8787878787878788 0.09477124183006536 0.8484848484848485 0.0915032679738562 0.8303030303030303 0.0784313725490196 0.8 0.0784313725490196 0.793939393939394 0.0718954248366013 0.7757575757575758 0.0718954248366013 0.7696969696969697 0.06535947712418301 0.7575757575757576 0.06209150326797386 0.7393939393939394 0.05555555555555555 0.7272727272727273 0.05555555555555555 0.7212121212121212 0.05228758169934641 0.7151515151515152 0.05228758169934641 0.6787878787878788 0.05555555555555555 0.6727272727272727 0.05555555555555555 0.6484848484848484 0.058823529411764705 0.6424242424242425 0.058823529411764705 0.6181818181818182 0.06209150326797386 0.6121212121212121 0.06209150326797386 0.593939393939394 0.06535947712418301 0.5878787878787879 0.06535947712418301 0.5575757575757576 0.06862745098039216 0.5515151515151515 0.06862745098039216 0.5333333333333333 0.0718954248366013 0.5272727272727272 0.0718954248366013 0.503030303030303 0.0784313725490196 0.4909090909090909 0.08169934640522876 0.4909090909090909 0.08496732026143791 0.48484848484848486 0.09477124183006536 0.48484848484848486 0.09803921568627451 0.47878787878787876 0.1111111111111111 0.47878787878787876 0.11437908496732026 0.4727272727272727 0.12418300653594772 0.4727272727272727 0.12745098039215685 0.4666666666666667 0.14705882352941177 0.4666666666666667 0.1503267973856209 0.46060606060606063 0.16339869281045752 0.46060606060606063 0.16666666666666666 0.45454545454545453 0.1830065359477124 0.45454545454545453 0.18627450980392157 0.4484848484848485 0.20261437908496732 0.4484848484848485 0.20588235294117646 0.44242424242424244 0.21895424836601307 0.44242424242424244 0.2222222222222222 0.43636363636363634 0.238562091503268 0.43636363636363634 0.24183006535947713 0.4303030303030303 0.25163398692810457 0.4303030303030303 0.2549019607843137 0.42424242424242425 0.2679738562091503 0.42424242424242425 0.27124183006535946 0.41818181818181815 0.2875816993464052 0.41818181818181815 0.2875816993464052 0.4303030303030303 0.2908496732026144 0.43636363636363634 0.2908496732026144 0.44242424242424244 0.2875816993464052 0.4484848484848485 0.2875816993464052 0.47878787878787876 0.28431372549019607 0.48484848484848486 0.28431372549019607 0.5212121212121212 0.28104575163398693 0.5272727272727272 0.28104575163398693 0.5696969696969697 0.2777777777777778 0.5757575757575758 0.2777777777777778 0.6363636363636364 0.28104575163398693 0.6424242424242425 0.28104575163398693 0.6484848484848484 0.28431372549019607 0.6545454545454545 0.28431372549019607 0.6666666666666666 0.2908496732026144 0.6787878787878788 0.2908496732026144 0.6848484848484848 0.29411764705882354 0.6909090909090909 0.29411764705882354 0.703030303030303 0.3006535947712418 0.7151515151515152 0.3006535947712418 0.7272727272727273 0.30718954248366015 0.7393939393939394 0.30718954248366015 0.7515151515151515 0.3104575163398693 0.7575757575757576 0.3104575163398693 0.7636363636363637 0.3137254901960784 0.7696969696969697 0.3137254901960784 0.7757575757575758 0.31699346405228757 0.7818181818181819 0.31699346405228757 0.7878787878787878 0.3202614379084967 0.793939393939394 0.3235294117647059 0.8121212121212121 0.32679738562091504 0.8181818181818182 0.32679738562091504 0.8242424242424242 0.3300653594771242 0.8303030303030303 0.3300653594771242 0.8424242424242424 0.33986928104575165 0.8727272727272727 0.33986928104575165 0.8848484848484849 0.3333333333333333 0.8848484848484849 0.3300653594771242 0.8909090909090909 0.3137254901960784 0.8909090909090909 0.3104575163398693 0.896969696969697 0.2908496732026144 0.896969696969697 0.2875816993464052 0.9030303030303031 0.27124183006535946 0.9030303030303031 0.2679738562091503 0.9090909090909091 0.2581699346405229 0.9090909090909091 0.2549019607843137 0.9151515151515152 0.23202614379084968 0.9151515151515152 0.22875816993464052 0.9212121212121213 0.21241830065359477 0.9212121212121213 0.20915032679738563 0.9272727272727272 0.19281045751633988 0.9272727272727272 0.1895424836601307 0.9333333333333333 0.17647058823529413 0.9333333333333333 0.17320261437908496 0.9393939393939394 0.1568627450980392 0.9393939393939394 0.15359477124183007 0.9454545454545454 0.13071895424836602 0.9454545454545454
0 0.47058823529411764 0.2909090909090909 0.47058823529411764 0.296969696969697 0.4673202614379085 0.30303030303030304 0.4673202614379085 0.32727272727272727 0.46405228758169936 0.3333333333333333 0.46405228758169936 0.34545454545454546 0.46078431372549017 0.3515151515151515 0.46078431372549017 0.36363636363636365 0.45751633986928103 0.3696969696969697 0.45751633986928103 0.38181818181818183 0.4542483660130719 0.3878787878787879 0.4542483660130719 0.4 0.45098039215686275 0.40606060606060607 0.45098039215686275 0.41818181818181815 0.4477124183006536 0.42424242424242425 0.4477124183006536 0.43636363636363634 0.4444444444444444 0.44242424242424244 0.4444444444444444 0.46060606060606063 0.4411764705882353 0.4666666666666667 0.4411764705882353 0.47878787878787876 0.43790849673202614 0.48484848484848486 0.43790849673202614 0.49696969696969695 0.434640522875817 0.503030303030303 0.434640522875817 0.509090909090909 0.42810457516339867 0.5212121212121212 0.3758169934640523 0.5212121212121212 0.37254901960784315 0.5272727272727272 0.3627450980392157 0.5272727272727272 0.3627450980392157 0.503030303030303 0.3660130718954248 0.49696969696969695 0.3660130718954248 0.47878787878787876 0.3758169934640523 0.4666666666666667 0.37254901960784315 0.46060606060606063 0.3660130718954248 0.46060606060606063 0.3660130718954248 0.43636363636363634 0.37254901960784315 0.41818181818181815 0.3790849673202614 0.41818181818181815 0.38235294117647056 0.4121212121212121 0.3790849673202614 0.40606060606060607 0.3790849673202614 0.4 0.37254901960784315 0.3878787878787879 0.37254901960784315 0.3696969696969697 0.3790849673202614 0.3575757575757576 0.3790849673202614 0.30303030303030304 0.38235294117647056 0.296969696969697 0.3888888888888889 0.296969696969697 0.39215686274509803 0.2909090909090909 0.4673202614379085 0.2909090909090909
0 0.19607843137254902 0.04242424242424243 0.19934640522875818 0.048484848484848485 0.20915032679738563 0.048484848484848485 0.21241830065359477 0.05454545454545454 0.22549019607843138 0.05454545454545454 0.22875816993464052 0.06060606060606061 0.238562091503268 0.06060606060606061 0.24183006535947713 0.06666666666666667 0.2549019607843137 0.06666666666666667 0.2581699346405229 0.07272727272727272 0.2679738562091503 0.07272727272727272 0.27124183006535946 0.07878787878787878 0.28104575163398693 0.07878787878787878 0.28431372549019607 0.08484848484848485 0.29411764705882354 0.08484848484848485 0.2973856209150327 0.09090909090909091 0.3104575163398693 0.09090909090909091 0.3137254901960784 0.09696969696969697 0.3235294117647059 0.09696969696969697 0.32679738562091504 0.10303030303030303 0.33986928104575165 0.10303030303030303 0.3431372549019608 0.10909090909090909 0.35294117647058826 0.10909090909090909 0.3562091503267974 0.11515151515151516 0.369281045751634 0.11515151515151516 0.37254901960784315 0.12121212121212122 0.38235294117647056 0.12121212121212122 0.38562091503267976 0.12727272727272726 0.39215686274509803 0.12727272727272726 0.3954248366013072 0.13333333333333333 0.3954248366013072 0.15151515151515152 0.39215686274509803 0.15757575757575756 0.39215686274509803 0.17575757575757575 0.3888888888888889 0.18181818181818182 0.3888888888888889 0.20606060606060606 0.38562091503267976 0.21212121212121213 0.38562091503267976 0.23030303030303031 0.38235294117647056 0.23636363636363636 0.38235294117647056 0.2545454545454545 0.3790849673202614 0.2606060606060606 0.3790849673202614 0.2787878787878788 0.3758169934640523 0.28484848484848485 0.3660130718954248 0.28484848484848485 0.3627450980392157 0.2787878787878788 0.34967320261437906 0.2787878787878788 0.3464052287581699 0.2727272727272727 0.3300653594771242 0.2727272727272727 0.32679738562091504 0.26666666666666666 0.31699346405228757 0.26666666666666666 0.3137254901960784 0.2606060606060606 0.3006535947712418 0.2606060606060606 0.2973856209150327 0.2545454545454545 0.2908496732026144 0.2545454545454545 0.2875816993464052 0.24848484848484848 0.27450980392156865 0.24848484848484848 0.27124183006535946 0.24242424242424243 0.2647058823529412 0.24242424242424243 0.26143790849673204 0.23636363636363636 0.24836601307189543 0.23636363636363636 0.24509803921568626 0.23030303030303031 0.23202614379084968 0.23030303030303031 0.22875816993464052 0.22424242424242424 0.21895424836601307 0.22424242424242424 0.21568627450980393 0.21818181818181817 0.20588235294117646 0.21818181818181817 0.20261437908496732 0.21212121212121213 0.19607843137254902 0.21212121212121213 0.19281045751633988 0.20606060606060606 0.1830065359477124 0.20606060606060606 0.17973856209150327 0.2 0.16666666666666666 0.2 0.16666666666666666 0.17575757575757575 0.16993464052287582 0.1696969696969697 0.16993464052287582 0.1393939393939394 0.17320261437908496 0.13333333333333333 0.17320261437908496 0.10909090909090909 0.17647058823529413 0.10303030303030303 0.17647058823529413 0.07272727272727272 0.17973856209150327 0.06666666666666667 0.17973856209150327 0.048484848484848485 0.1830065359477124 0.04242424242424243 0.19281045751633988 0.04242424242424243
0 0.8006535947712419 0.2787878787878788 0.8071895424836601 0.296969696969697 0.8071895424836601 0.3212121212121212 0.8104575163398693 0.32727272727272727 0.8104575163398693 0.3393939393939394 0.8137254901960784 0.34545454545454546 0.8137254901960784 0.38181818181818183 0.8104575163398693 0.3878787878787879 0.8137254901960784 0.3939393939393939 0.8202614379084967 0.3939393939393939 0.8202614379084967 0.40606060606060607 0.8235294117647058 0.4121212121212121 0.8235294117647058 0.4303030303030303 0.826797385620915 0.43636363636363634 0.826797385620915 0.45454545454545453 0.8300653594771242 0.46060606060606063 0.8300653594771242 0.47878787878787876 0.8333333333333334 0.48484848484848486 0.8333333333333334 0.503030303030303 0.8366013071895425 0.509090909090909 0.8366013071895425 0.5272727272727272 0.8398692810457516 0.5333333333333333 0.8398692810457516 0.5757575757575758 0.8366013071895425 0.5818181818181818 0.8398692810457516 0.5878787878787879 0.8398692810457516 0.6 0.8464052287581699 0.6121212121212121 0.8464052287581699 0.6181818181818182 0.8431372549019608 0.6242424242424243 0.8366013071895425 0.6242424242424243 0.8333333333333334 0.6303030303030303 0.8366013071895425 0.6363636363636364 0.8333333333333334 0.6424242424242425 0.8300653594771242 0.6363636363636364 0.826797385620915 0.6363636363636364 0.8235294117647058 0.6424242424242425 0.8235294117647058 0.6484848484848484 0.826797385620915 0.6545454545454545 0.8366013071895425 0.6545454545454545 0.8398692810457516 0.6484848484848484 0.8496732026143791 0.6484848484848484 0.8529411764705882 0.6545454545454545 0.8562091503267973 0.6545454545454545 0.8562091503267973 0.6606060606060606 0.8627450980392157 0.6787878787878788 0.8627450980392157 0.6909090909090909 0.869281045751634 0.7090909090909091 0.869281045751634 0.7212121212121212 0.8758169934640523 0.7393939393939394 0.8758169934640523 0.7515151515151515 0.8790849673202614 0.7575757575757576 0.8790849673202614 0.7696969696969697 0.8725490196078431 0.7696969696969697 0.869281045751634 0.7757575757575758 0.8431372549019608 0.7757575757575758 0.8398692810457516 0.7818181818181819 0.8202614379084967 0.7818181818181819 0.8169934640522876 0.7878787878787878 0.8006535947712419 0.7878787878787878 0.7973856209150327 0.793939393939394 0.7875816993464052 0.7878787878787878 0.7843137254901961 0.793939393939394 0.7712418300653595 0.793939393939394 0.7679738562091504 0.8 0.7549019607843137 0.8 0.7516339869281046 0.806060606060606 0.7320261437908496 0.806060606060606 0.7287581699346405 0.8121212121212121 0.7091503267973857 0.8121212121212121 0.7058823529411765 0.806060606060606 0.7026143790849673 0.806060606060606 0.6993464052287581 0.8121212121212121 0.6928104575163399 0.8121212121212121 0.6895424836601307 0.8181818181818182 0.6633986928104575 0.8181818181818182 0.6601307189542484 0.8242424242424242 0.6535947712418301 0.8242424242424242 0.6405228758169934 0.793939393939394 0.6437908496732027 0.7878787878787878 0.6405228758169934 0.7818181818181819 0.6372549019607843 0.7818181818181819 0.6274509803921569 0.7636363636363637 0.6274509803921569 0.7393939393939394 0.6241830065359477 0.7333333333333333 0.6274509803921569 0.7272727272727273 0.6209150326797386 0.7151515151515152 0.6209150326797386 0.6848484848484848 0.6241830065359477 0.6787878787878788 0.6176470588235294 0.6666666666666666 0.6176470588235294 0.6545454545454545 0.6143790849673203 0.6484848484848484 0.6143790849673203 0.6242424242424243 0.6111111111111112 0.6181818181818182 0.6111111111111112 0.593939393939394 0.6078431372549019 0.5878787878787879 0.6078431372549019 0.5636363636363636 0.6045751633986928 0.5575757575757576 0.6045751633986928 0.5454545454545454 0.6013071895424836 0.5393939393939394 0.6013071895424836 0.509090909090909 0.5980392156862745 0.503030303030303 0.5980392156862745 0.4666666666666667 0.5947712418300654 0.46060606060606063 0.5947712418300654 0.43636363636363634 0.5915032679738562 0.4303030303030303 0.5915032679738562 0.40606060606060607 0.5882352941176471 0.4 0.5882352941176471 0.3939393939393939 0.5915032679738562 0.3878787878787879 0.5882352941176471 0.38181818181818183 0.5882352941176471 0.36363636363636365 0.5849673202614379 0.3575757575757576 0.5849673202614379 0.32727272727272727 0.5882352941176471 0.32727272727272727 0.5915032679738562 0.3212121212121212 0.6111111111111112 0.3212121212121212 0.6143790849673203 0.3151515151515151 0.6372549019607843 0.3151515151515151 0.6405228758169934 0.3090909090909091 0.6601307189542484 0.3090909090909091 0.6633986928104575 0.30303030303030304 0.696078431372549 0.30303030303030304 0.6993464052287581 0.296969696969697 0.7222222222222222 0.296969696969697 0.7254901960784313 0.2909090909090909 0.7516339869281046 0.2909090909090909 0.7549019607843137 0.28484848484848485 0.7843137254901961 0.28484848484848485 0.7875816993464052 0.2787878787878788 0.7973856209150327 0.2787878787878788
0 0.12418300653594772 0.17575757575757575 0.12745098039215685 0.18181818181818182 0.13398692810457516 0.18181818181818182 0.1437908496732026 0.19393939393939394 0.1503267973856209 0.19393939393939394 0.15359477124183007 0.2 0.1568627450980392 0.2 0.1568627450980392 0.23636363636363636 0.15359477124183007 0.24242424242424243 0.15359477124183007 0.26666666666666666 0.1503267973856209 0.2727272727272727 0.1503267973856209 0.28484848484848485 0.14705882352941177 0.2909090909090909 0.14705882352941177 0.30303030303030304 0.1437908496732026 0.3090909090909091 0.1437908496732026 0.3212121212121212 0.14052287581699346 0.32727272727272727 0.14052287581699346 0.34545454545454546 0.13725490196078433 0.3515151515151515 0.13725490196078433 0.3696969696969697 0.13398692810457516 0.37575757575757573 0.13398692810457516 0.3878787878787879 0.13071895424836602 0.3939393939393939 0.13071895424836602 0.42424242424242425 0.12745098039215685 0.4303030303030303 0.12745098039215685 0.43636363636363634 0.12418300653594772 0.43636363636363634 0.12091503267973856 0.4303030303030303 0.11437908496732026 0.4303030303030303 0.10457516339869281 0.41818181818181815 0.09803921568627451 0.41818181818181815 0.08823529411764706 0.40606060606060607 0.08169934640522876 0.40606060606060607 0.07516339869281045 0.3939393939393939 0.07516339869281045 0.3878787878787879 0.0784313725490196 0.38181818181818183 0.0784313725490196 0.3393939393939394 0.08169934640522876 0.3333333333333333 0.08169934640522876 0.30303030303030304 0.08496732026143791 0.296969696969697 0.08496732026143791 0.2606060606060606 0.08823529411764706 0.2545454545454545 0.08823529411764706 0.20606060606060606 0.0915032679738562 0.2 0.0915032679738562 0.16363636363636364 0.09477124183006536 0.15757575757575756 0.09803921568627451 0.15757575757575756 0.10130718954248366 0.16363636363636364 0.10784313725490197 0.16363636363636364 0.1111111111111111 0.1696969696969697 0.11764705882352941 0.1696969696969697 0.12091503267973856 0.17575757575757575