0 0.759765625 0.638671875 0.228515625 0.447265625
0 0.79296875 0.2509765625 0.1201171875 0.357421875
0 0.65234375 0.2724609375 0.169921875 0.4111328125
0 0.248046875 0.400390625 0.2373046875 0.759765625
0 0.4609375 0.2314453125 0.197265625 0.357421875
0 0.501953125 0.33984375 0.1298828125 0.107421875
0 0.51953125 0.4609375 0.25 0.1435546875
0 0.546875 0.650390625 0.21875 0.267578125
0 0.615234375 0.83203125 0.2001953125 0.166015625
0 0.380859375 0.845703125 0.2734375 0.2763671875
0 0.3291015625 0.6181640625 0.201171875 0.4423828125