0 0.6566358024691358 0.20172325102880662 0.46489197530864185 0.25570987654320987
0 0.26617155349794236 0.19173096707818932 0.3666409465020576 0.14272119341563785
0 0.298289609053498 0.3310699588477366 0.4223251028806584 0.19441872427983536
0 0.4567258230452675 0.7279706790123457 0.7780349794238683 0.2829089506172839
0 0.2708333333333333 0.5253793724279835 0.3722993827160494 0.2191100823045267
0 0.37712191358024694 0.47723122427983544 0.11715534979423865 0.13485082304526744
0 0.4965599279835391 0.45358796296296294 0.16261574074074067 0.2585390946502058
0 0.6846064814814815 0.41454475308641975 0.28356481481481466 0.23459362139917694
0 0.8601466049382717 0.33613683127572014 0.18145576131687235 0.20952932098765428
0 0.871141975308642 0.5688207304526749 0.2577160493827161 0.29076646090534986
0 0.6677597736625516 0.6343814300411523 0.45588991769547327 0.2275205761316871