1 0.459375 0.6359375 0.475 0.634375 0.484375 0.6203125 0.4984375 0.6140625 0.5187499999999999 0.5875 0.5234375 0.5703125 0.5375 0.5656249999999999 0.56875 0.5734374999999999 0.596875 0.6328125 0.6078125 0.634375 0.6171875 0.6234375 0.671875 0.60625 0.671875 0.5640625 0.6390625 0.5546875 0.6296875 0.4890625 0.5859375 0.44375 0.5578124999999999 0.44375 0.521875 0.484375 0.46875 0.4546875 0.446875 0.5 0.453125 0.5343749999999999 0.4375 0.5578124999999999 0.4375 0.584375 0.459375 0.6359375
1 0.3953125 0.153125 0.396875 0.1109375 0.390625 0.0765625 0.3828125 0.0703125 0.365625 0.075 0.346875 0.05625 0.3484375 0.146875 0.3625 0.146875 0.371875 0.1546875 0.3953125 0.153125
1 0.309375 0.2609375 0.3171875 0.28750000000000003 0.334375 0.29531250000000003 0.3453125 0.321875 0.3546875 0.3140625 0.3890625 0.1546875 0.396875 0.1515625 0.390625 0.0765625 0.346875 0.05625 0.346875 0.1171875 0.334375 0.1640625 0.3328125 0.2265625 0.309375 0.2609375
1 0.25156249999999997 0.3609375 0.2296875 0.3546875 0.2265625 0.384375 0.2484375 0.39375 0.2546875 0.378125 0.25156249999999997 0.3609375
1 0.1171875 0.0515625 0.0953125 0.06406250000000001 0.10625 0.09375 0.1171875 0.0984375 0.1390625 0.05625 0.1171875 0.0515625
1 0.1765625 0.1703125 0.165625 0.1578125 0.1546875 0.15625 0.13593750000000002 0.1734375 0.13749999999999998 0.209375 0.1484375 0.2234375 0.159375 0.225 0.1765625 0.1703125
1 0.1875 0.06874999999999999 0.1703125 0.05 0.159375 0.05 0.15625 0.0859375 0.18125 0.0890625 0.190625 0.0765625 0.1875 0.06874999999999999
1 0.2078125 0.865625 0.2125 0.840625 0.1953125 0.8296875 0.1828125 0.83125 0.18125 0.8625 0.1875 0.8734375 0.1984375 0.875 0.2078125 0.865625
1 0.6609375 0.76875 0.6921875 0.7265625 0.6625 0.753125 0.6609375 0.76875
1 0.66875 0.8046875 0.6953125 0.7953125 0.6953125 0.7890625 0.684375 0.778125 0.6609375 0.7765625 0.6546875 0.8046875 0.6296875 0.8265625 0.625 0.8546875 0.6328125 0.859375 0.6390625 0.8359375 0.66875 0.8046875
1 0.6015625 0.8578125 0.5875 0.8625 0.584375 0.890625 0.5984375 0.8984375 0.609375 0.86875 0.6015625 0.8578125
1 0.640625 0.88125 0.675 0.8796875 0.69375 0.85 0.69375 0.7921875 0.6875 0.78125 0.6625 0.778125 0.6609375 0.7984375 0.6296875 0.8296875 0.63125 0.86875 0.640625 0.88125
1 0.8984375 0.26718749999999997 0.8921875 0.253125 0.8765625 0.2390625 0.86875 0.2421875 0.8578125 0.2546875 0.859375 0.2609375 0.896875 0.284375 0.8984375 0.26718749999999997
1 0.5906250000000001 0.0515625 0.5890624999999999 0.0828125 0.6125 0.0828125 0.6125 0.0515625 0.5906250000000001 0.0515625
1 0.41875 0.028125 0.40625 0.03125 0.40625 0.0421875 0.415625 0.0421875 0.421875 0.034374999999999996 0.41875 0.028125
1 0.9296875 0.5515625000000001 0.9328125 0.509375 0.925 0.5031249999999999 0.9109375 0.50625 0.9046875 0.5140625 0.909375 0.540625 0.9234375 0.553125 0.9296875 0.5515625000000001
1 0.5015625 0.359375 0.465625 0.3609375 0.4671875 0.421875 0.4984375 0.425 0.5031249999999999 0.415625 0.5015625 0.359375