1 0.3718518515625 0.7596676437500001 0.3785185625 0.7315194078125 0.393333378125 0.693000978125 0.377777778125 0.6959638515625 0.36148148125 0.6989268140625 0.3459259265625 0.6989268140625 0.3451852296875 0.7004083859375 0.337777821875 0.7315194078125 0.3429629625 0.7537416296874999 0.36296296250000004 0.76855644375 0.3718518515625 0.7596676437500001
1 0.1328125 0.3234375 0.1828125 0.375
1 0.09609375 0.16953125 0.121875 0.1734375
1 0.3734375 0.05546875 0.34296875 0.1109375
1 0.328125 0.16015625 0.1578125 0.11875
1 0.3625 0.296875 0.15078125 0.1359375
1 0.43828125 0.4921875 0.19453125 0.19296875
1 0.10703125 0.6265625 0.09765625 0.203125
1 0.17109375 0.69609375 0.21953125 0.55234375
1 0.29765625 0.8125 0.09765625 0.25390625
1 0.43515625 0.86640625 0.1625 0.2671875
1 0.55078125 0.67109375 0.30078125 0.2140625
1 0.6703125 0.8 0.2203125 0.31484375
1 0.628125 0.05546875 0.21875 0.1109375
1 0.54765625 0.1890625 0.2265625 0.17265625
1 0.8234375 0.2859375 0.23671875 0.325
1 0.6234375 0.41640625 0.271875 0.21875
1 0.1078125 0.05625 0.1984375 0.1125
1 0.05625 0.83984375 0.1125 0.3203125
1 0.8359375 0.72890625 0.1734375 0.428125
1 0.94609375 0.859375 0.10703125 0.24453125
1 0.95078125 0.565625 0.0984375 0.2953125
1 0.9203125 0.04921875 0.159375 0.0984375