1 0.12421875 0.44296875 0.2484375 0.40625
1 0.25859375 0.39921875 0.42265625 0.4640625
1 0.51953125 0.69375 0.34765625 0.215625
1 0.8015625 0.55234375 0.396875 0.325
1 0.8 0.40390625 0.25625 0.3578125
1 0.27421875 0.1015625 0.32890625 0.203125
1 0.49375 0.08125 0.20625 0.1625
1 0.56875 0.2328125 0.190625 0.28046875
1 0.6890625 0.075 0.06796875 0.14921875
1 0.78203125 0.15 0.11953125 0.2859375
1 0.88671875 0.11015625 0.2265625 0.2203125
1 0.05234375 0.071875 0.1046875 0.14375
1 0.1109375 0.86796875 0.21484375 0.2640625
1 0.41171875 0.8796875 0.4796875 0.2375
1 0.82265625 0.89296875 0.3546875 0.2140625
1 0.22265625 0.69765625 0.259375 0.15703125