1 0.26666666666666666 0.2577777777777778 0.3333333333333333 0.26666666666666666 0.37777777777777777 0.23111111111111113 0.38666666666666666 0.15555555555555556 0.3466666666666667 0.1111111111111111 0.2888888888888889 0.1111111111111111 0.23555555555555557 0.15555555555555556 0.23111111111111113 0.21333333333333332 0.26666666666666666 0.2577777777777778
1 0.5111111111111111 0.16 0.5555555555555556 0.20444444444444446 0.6177777777777778 0.19555555555555557 0.6622222222222223 0.14222222222222222 0.6533333333333333 0.05777777777777778 0.6177777777777778 0.031111111111111114 0.5777777777777778 0.026666666666666665 0.5244444444444444 0.04888888888888889 0.4977777777777778 0.10222222222222223 0.5111111111111111 0.16
1 0.7200000000000001 0.4 0.8044444444444445 0.41777777777777775 0.8622222222222222 0.3733333333333333 0.8711111111111111 0.3022222222222222 0.84 0.2577777777777778 0.76 0.24444444444444446 0.6977777777777778 0.29333333333333333 0.6933333333333334 0.36000000000000004 0.7200000000000001 0.4
1 0.12444444444444445 0.6755555555555556 0.17333333333333334 0.7244444444444444 0.24444444444444446 0.7200000000000001 0.28444444444444444 0.6888888888888889 0.3022222222222222 0.5911111111111111 0.22666666666666668 0.5333333333333333 0.1688888888888889 0.56 0.12444444444444445 0.6133333333333333 0.12444444444444445 0.6755555555555556
1 0.5733333333333334 0.5066666666666666 0.64 0.52 0.6933333333333334 0.4933333333333334 0.7022222222222223 0.40444444444444444 0.6711111111111111 0.3688888888888889 0.6177777777777778 0.36000000000000004 0.56 0.39111111111111113 0.5422222222222222 0.4444444444444444 0.5733333333333334 0.5066666666666666
1 0.56 0.35555555555555557 0.5866666666666667 0.3644444444444444 0.6666666666666666 0.35555555555555557 0.6933333333333334 0.30666666666666664 0.6933333333333334 0.24444444444444446 0.6488888888888888 0.2 0.5955555555555556 0.19555555555555557 0.5377777777777778 0.24000000000000002 0.5377777777777778 0.32 0.56 0.35555555555555557
1 0.42666666666666664 0.3022222222222222 0.5111111111111111 0.3022222222222222 0.5422222222222222 0.2533333333333333 0.5377777777777778 0.18666666666666665 0.5066666666666666 0.14666666666666667 0.45333333333333337 0.13777777777777778 0.38666666666666666 0.17777777777777778 0.38222222222222224 0.2577777777777778 0.42666666666666664 0.3022222222222222
1 0.27555555555555555 0.41777777777777775 0.35111111111111115 0.4222222222222222 0.38222222222222224 0.39111111111111113 0.39555555555555555 0.3244444444444444 0.3466666666666667 0.2622222222222222 0.2888888888888889 0.2622222222222222 0.23555555555555557 0.3111111111111111 0.23555555555555557 0.38222222222222224 0.27555555555555555 0.41777777777777775
1 0.4444444444444444 0.45333333333333337 0.5022222222222221 0.4577777777777778 0.5422222222222222 0.40444444444444444 0.5377777777777778 0.3288888888888889 0.5066666666666666 0.3022222222222222 0.44 0.3022222222222222 0.39111111111111113 0.35111111111111115 0.4 0.4222222222222222 0.4444444444444444 0.45333333333333337
1 0.10222222222222223 0.5555555555555556 0.15555555555555556 0.5688888888888889 0.23555555555555557 0.5288888888888889 0.24444444444444446 0.4577777777777778 0.20444444444444446 0.41333333333333333 0.14666666666666667 0.4 0.08888888888888889 0.43555555555555553 0.07111111111111111 0.5022222222222221 0.10222222222222223 0.5555555555555556
1 0.2711111111111111 0.5688888888888889 0.3688888888888889 0.5822222222222222 0.4088888888888889 0.5333333333333333 0.41333333333333333 0.48000000000000004 0.36000000000000004 0.4222222222222222 0.2977777777777778 0.4222222222222222 0.2533333333333333 0.46222222222222226 0.24000000000000002 0.5288888888888889 0.2711111111111111 0.5688888888888889
1 0.44 0.6177777777777778 0.5333333333333333 0.6133333333333333 0.5644444444444444 0.5733333333333334 0.5644444444444444 0.5066666666666666 0.5288888888888889 0.4666666666666667 0.4666666666666667 0.46222222222222226 0.4088888888888889 0.5111111111111111 0.41333333333333333 0.5822222222222222 0.44 0.6177777777777778
1 0.2977777777777778 0.7244444444444444 0.36000000000000004 0.7555555555555555 0.41777777777777775 0.7377777777777778 0.4444444444444444 0.68 0.43555555555555553 0.6133333333333333 0.38222222222222224 0.5733333333333334 0.3111111111111111 0.5955555555555556 0.28 0.6444444444444444 0.2977777777777778 0.7244444444444444
1 0.47555555555555556 0.8133333333333334 0.5422222222222222 0.8266666666666667 0.5911111111111111 0.7955555555555556 0.6000000000000001 0.7066666666666667 0.5688888888888889 0.6488888888888888 0.5066666666666666 0.6444444444444444 0.44 0.6888888888888889 0.43555555555555553 0.76 0.47555555555555556 0.8133333333333334
1 0.5822222222222222 0.68 0.6355555555555555 0.7288888888888888 0.6977777777777778 0.7244444444444444 0.7511111111111111 0.68 0.76 0.6133333333333333 0.7022222222222223 0.5466666666666666 0.6444444444444444 0.5422222222222222 0.6000000000000001 0.5644444444444444 0.5777777777777778 0.6000000000000001 0.5822222222222222 0.68
1 0.6533333333333333 0.911111111111111 0.7377777777777778 0.9022222222222221 0.7777777777777778 0.8488888888888888 0.7688888888888888 0.76 0.7022222222222223 0.7200000000000001 0.6355555555555555 0.7200000000000001 0.5866666666666667 0.7911111111111111 0.6044444444444445 0.8755555555555555 0.6533333333333333 0.911111111111111
1 0.7066666666666667 0.5511111111111111 0.7511111111111111 0.5866666666666667 0.8311111111111111 0.5866666666666667 0.8755555555555555 0.5466666666666666 0.8755555555555555 0.47111111111111115 0.8266666666666667 0.4222222222222222 0.7688888888888888 0.41777777777777775 0.7155555555555556 0.4488888888888889 0.6977777777777778 0.5022222222222221 0.7066666666666667 0.5511111111111111