1 0.768888888671875 0.213333333984375 0.7644444453125 0.1555555546875 0.711111111328125 0.111111111328125 0.653333333984375 0.111111111328125 0.613333333984375 0.1555555546875 0.62222222265625 0.231111111328125 0.666666666015625 0.266666666015625 0.733333333984375 0.25777777734375 0.768888888671875 0.213333333984375
1 0.50222222265625 0.10222222265625 0.4755555546875 0.048888888671875 0.42222222265625 0.026666666015625 0.38222222265625 0.031111111328125 0.346666666015625 0.05777777734375 0.33777777734375 0.14222222265625 0.38222222265625 0.1955555546875 0.4444444453125 0.2044444453125 0.488888888671875 0.16 0.50222222265625 0.10222222265625
1 0.306666666015625 0.36 0.30222222265625 0.293333333984375 0.24 0.2444444453125 0.16 0.25777777734375 0.128888888671875 0.30222222265625 0.13777777734375 0.373333333984375 0.1955555546875 0.41777777734375 0.28 0.4 0.306666666015625 0.36
1 0.8755555546875 0.613333333984375 0.831111111328125 0.56 0.773333333984375 0.533333333984375 0.69777777734375 0.591111111328125 0.7155555546875 0.688888888671875 0.7555555546875 0.72 0.826666666015625 0.7244444453125 0.8755555546875 0.6755555546875 0.8755555546875 0.613333333984375
1 0.45777777734375 0.4444444453125 0.44 0.391111111328125 0.38222222265625 0.36 0.328888888671875 0.368888888671875 0.29777777734375 0.4044444453125 0.306666666015625 0.493333333984375 0.36 0.52 0.426666666015625 0.506666666015625 0.45777777734375 0.4444444453125
1 0.46222222265625 0.32 0.46222222265625 0.24 0.4044444453125 0.1955555546875 0.351111111328125 0.2 0.306666666015625 0.2444444453125 0.306666666015625 0.306666666015625 0.333333333984375 0.3555555546875 0.413333333984375 0.3644444453125 0.44 0.3555555546875 0.46222222265625 0.32
1 0.61777777734375 0.25777777734375 0.613333333984375 0.17777777734375 0.546666666015625 0.13777777734375 0.493333333984375 0.146666666015625 0.46222222265625 0.186666666015625 0.45777777734375 0.253333333984375 0.488888888671875 0.30222222265625 0.573333333984375 0.30222222265625 0.61777777734375 0.25777777734375
1 0.7644444453125 0.38222222265625 0.7644444453125 0.311111111328125 0.711111111328125 0.26222222265625 0.653333333984375 0.26222222265625 0.6044444453125 0.3244444453125 0.61777777734375 0.391111111328125 0.648888888671875 0.42222222265625 0.7244444453125 0.41777777734375 0.7644444453125 0.38222222265625
1 0.6 0.42222222265625 0.608888888671875 0.351111111328125 0.56 0.30222222265625 0.493333333984375 0.30222222265625 0.46222222265625 0.328888888671875 0.45777777734375 0.4044444453125 0.49777777734375 0.45777777734375 0.5555555546875 0.453333333984375 0.6 0.42222222265625
1 0.928888888671875 0.50222222265625 0.911111111328125 0.4355555546875 0.853333333984375 0.4 0.7955555546875 0.413333333984375 0.7555555546875 0.45777777734375 0.7644444453125 0.528888888671875 0.8444444453125 0.568888888671875 0.89777777734375 0.5555555546875 0.928888888671875 0.50222222265625
1 0.76 0.528888888671875 0.746666666015625 0.46222222265625 0.70222222265625 0.42222222265625 0.64 0.42222222265625 0.586666666015625 0.48 0.591111111328125 0.533333333984375 0.631111111328125 0.58222222265625 0.728888888671875 0.568888888671875 0.76 0.528888888671875
1 0.586666666015625 0.58222222265625 0.591111111328125 0.511111111328125 0.533333333984375 0.46222222265625 0.471111111328125 0.466666666015625 0.4355555546875 0.506666666015625 0.4355555546875 0.573333333984375 0.466666666015625 0.613333333984375 0.56 0.61777777734375 0.586666666015625 0.58222222265625
1 0.72 0.6444444453125 0.688888888671875 0.5955555546875 0.61777777734375 0.573333333984375 0.5644444453125 0.613333333984375 0.5555555546875 0.68 0.58222222265625 0.73777777734375 0.64 0.7555555546875 0.70222222265625 0.7244444453125 0.72 0.6444444453125
1 0.5644444453125 0.76 0.56 0.688888888671875 0.493333333984375 0.6444444453125 0.431111111328125 0.648888888671875 0.4 0.706666666015625 0.408888888671875 0.7955555546875 0.45777777734375 0.826666666015625 0.5244444453125 0.813333333984375 0.5644444453125 0.76
1 0.42222222265625 0.6 0.4 0.5644444453125 0.3555555546875 0.54222222265625 0.29777777734375 0.546666666015625 0.24 0.613333333984375 0.248888888671875 0.68 0.30222222265625 0.7244444453125 0.3644444453125 0.728888888671875 0.41777777734375 0.68 0.42222222265625 0.6
1 0.3955555546875 0.8755555546875 0.413333333984375 0.791111111328125 0.3644444453125 0.72 0.29777777734375 0.72 0.231111111328125 0.76 0.22222222265625 0.848888888671875 0.26222222265625 0.90222222265625 0.346666666015625 0.911111111328125 0.3955555546875 0.8755555546875
1 0.30222222265625 0.50222222265625 0.2844444453125 0.448888888671875 0.231111111328125 0.41777777734375 0.173333333984375 0.42222222265625 0.1244444453125 0.471111111328125 0.1244444453125 0.546666666015625 0.168888888671875 0.586666666015625 0.248888888671875 0.586666666015625 0.293333333984375 0.551111111328125 0.30222222265625 0.50222222265625