0 0.009900990740740741 0 0.004950495370370371 0.009900990740740741 0.26980197916666665 0.8712871296296297 0.2945544560185185 0.9009900995370371 0.339108912037037 0.9174917499999999 0.349009900462963 0.8877887777777778 0.339108912037037 0.8316831689814814 0.34405940509259264 0.6798679861111111 0.29702970370370374 0.013201319444444444 0.25990099074074074 0 0.009900990740740741 0
0 0.9529702962962964 0 0.9331683171296297 0.013201319444444444 0.9306930694444445 0.03630362962962963 0.6955445555555556 0.5676567662037036 0.698019800925926 0.6039603958333333 0.6707920787037037 0.630363037037037 0.6658415833333334 0.6600660069444444 0.6410891087962963 0.6930693078703704 0.6386138611111112 0.7524752476851851 0.6559405949074074 0.8514851481481481 0.7698019791666667 0.696369636574074 0.801980199074074 0.6864686458333333 0.801980199074074 0.6699669976851852 0.910891087962963 0.5247524745370371 0.923267326388889 0.5247524745370371 0.9331683171296297 0.4686468657407407 0.9975247523148149 0.39273927314814816 0.9975247523148149 0 0.9529702962962964 0
0 0.32425742592592594 0.9966996689814814 0.6509900995370371 0.9933993402777778 0.6460396041666667 0.9636963703703704 0.6237623773148149 0.9603960393518519 0.6064356435185184 0.9339934004629629 0.636138613425926 0.8514851481481481 0.6336633657407407 0.7524752476851851 0.6064356435185184 0.7095709560185185 0.3985148518518518 0.7062706273148147 0.3861386134259259 0.9405940601851852 0.35891089120370373 0.9636963703703704 0.32673267361111114 0.9603960393518519 0.32425742592592594 0.9966996689814814
0 0.6485148518518519 0.3795379537037037 0.698019800925926 0.44224422453703705 0.6806930694444445 0.5379537962962962 0.6435643564814816 0.5808580856481481 0.6014851481481481 0.6567656759259259 0.5495049513888889 0.6897689768518518 0.5569306921296296 0.696369636574074 0.6287128703703703 0.696369636574074 0.6509900995370371 0.6633663356481482 0.6633663356481482 0.6633663356481482 0.8316831689814814 0.23762376157407405 0.9009900995370371 0.07590759027777778 0.9455445555555556 0.0033003310185185184 0.3019801990740741 0 0.32920792129629634 0.4158415833333333 0.39356435648148147 0.3663366342592593 0.5544554444444445 0.3498349837962963 0.6485148518518519 0.3795379537037037
0 0.39356435648148147 0.7227722777777777 0.349009900462963 0.7194719467592593 0.34158415740740744 0.745874587962963 0.3366336643518519 0.9471947199074073 0.3712871296296296 0.9537953796296296 0.3836633657407407 0.927392738425926 0.39356435648148147 0.7227722777777777
0 0.10148514814814814 0.9702970300925926 0.11138613888888889 0.9603960393518519 0.13861386111111113 0.9702970300925926 0.27722772222222225 0.9702970300925926 0.2673267337962963 0.8943894398148148 0.23267326620370368 0.8052805277777778 0.22524752546296298 0.8052805277777778 0.22524752546296298 0.7392739282407407 0.2029702962962963 0.6930693078703704 0.08415841666666667 0.6864686458333333 0.0618811875 0.7689768981481481 0.04207920833333333 0.8052805277777778 0.01485148611111111 0.7689768981481481 0.012376238425925926 0.8415841574074073 0.032178217592592595 0.8712871296296297 0.01485148611111111 0.9570957106481481 0.10148514814814814 0.9702970300925926
0 0.20792079166666666 0.6897689768518518 0.0024752476851851854 0.016501650462962963 0 0.7326732662037038 0.027227722222222223 0.6897689768518518 0.08415841666666667 0.6798679861111111 0.20792079166666666 0.6897689768518518
1 0.43316831712962967 0.6699669976851852 0.5148514861111111 0.6600660069444444 0.5148514861111111 0.673267326388889 0.5445544560185185 0.6798679861111111 0.5990099004629629 0.6501650162037037 0.6287128703703703 0.6072607268518518 0.6336633657407407 0.5775577546296297 0.6831683171296297 0.5181518148148149 0.6905940601851852 0.44554455555555555 0.6559405949074074 0.39603960416666667 0.5643564351851852 0.35973597453703704 0.42326732638888886 0.36963696296296294 0.39603960416666667 0.3795379537037037 0.3762376226851852 0.40594059490740736 0.3613861388888889 0.49504950462962966 0.3762376226851852 0.5511551157407407 0.35643564351851853 0.5808580856481481 0.3985148518518518 0.6534653472222223 0.43316831712962967 0.6699669976851852
0 0.5816831689814814 0.6501650162037037 0.6113861388888888 0.5808580856481481 0.6014851481481481 0.5511551157407407 0.6163366342592593 0.4818481851851852 0.613861386574074 0.43564356481481487 0.5544554444444445 0.4290429050925926 0.5297029699074074 0.40924092361111114 0.48019802083333335 0.4158415833333333 0.46534653472222226 0.40594059490740736 0.4381188125 0.43564356481481487 0.43316831712962967 0.4785478541666667 0.4133663356481481 0.4851485138888889 0.410891087962963 0.5313531342592592 0.40841584259259256 0.613861386574074 0.4306930694444444 0.6468646874999999 0.4975247523148148 0.6765676574074073 0.5816831689814814 0.6501650162037037
1 0.774752474537037 0.7062706273148147 0.7079207916666667 0.7920792083333333 0.7178217824074075 0.8052805277777778 0.7648514861111111 0.7986798680555555 0.8069306921296296 0.7326732662037038 0.774752474537037 0.7062706273148147
0 0.9975247523148149 0.4434455439814815 0.9950495046296296 0.40594059490740736 0.9826732662037038 0.40594059490740736 0.9381188125000001 0.4620462037037037 0.9207920787037037 0.5082508240740741 0.8333333333333334 0.6380638055555556 0.8737623773148149 0.5841584166666667 0.8316831689814814 0.7689768981481481 0.9975247523148149 0.5973597361111112 0.9975247523148149 0.46054455555555557 0.948019800925926 0.4554455439814815 0.9579207916666667 0.44224422453703705 0.9975247523148149 0.4434455439814815
0 0.7516345972222221 0.7412043101851852 0.7673267337962962 0.7359735972222222 0.7475247523148149 0.8580858078703704 0.7277227731481481 0.8778877893518519 0.6881188125000001 0.8184818472222223 0.6559405949074074 0.8712871296296297 0.673267326388889 0.9141914189814815 0.6955445555555556 0.9141914189814815 0.8143564351851852 0.7920792083333333 0.774752474537037 0.7359735972222222 0.79998125 0.687567525462963 0.7896039606481481 0.7029702962962964 0.7648514861111111 0.7161716180555556 0.762376238425926 0.7293729375 0.7516345972222221 0.7412043101851852
0 0.7004950486111111 0.9966996689814814 0.7004950486111111 0.9570957106481481 0.7128712870370371 0.9966996689814814 0.8985148518518519 0.9966996689814814 0.9084158425925927 0.9471947199074073 0.923267326388889 0.966996699074074 0.910891087962963 0.9966996689814814 0.923267326388889 0.9966996689814814 0.9282178217592593 0.9702970300925926 0.9405940601851852 0.9702970300925926 0.9356435648148148 0.9966996689814814 0.9504950486111111 0.9933993402777778 0.948019800925926 0.9735973587962964 0.9059405949074074 0.9174917499999999 0.9282178217592593 0.8943894398148148 0.9084158425925927 0.828382837962963 0.8985148518518519 0.7590759074074074 0.8787128703703703 0.7392739282407407 0.8539603958333333 0.7524752476851851 0.7079207916666667 0.910891087962963 0.7079207916666667 0.9504950486111111 0.6856435648148148 0.9603960393518519 0.6881188125000001 0.9966996689814814 0.7004950486111111 0.9966996689814814