1 0.09716847048611112 0 0.09260905381944445 0.043358024305555555 0.1448888888888889 0.1113086423611111 0.25593415625 0.10916872395833334 0.29175308680555556 0.0892839513888889 0.28934971354166666 0 0.09716847048611112 0
1 0.22209053472222223 0.5951934149305556 0.20286419791666666 0.6940246909722222 0.2549465017361111 0.7753086423611112 0.3259259253472222 0.7799835399305555 0.4333168732638889 0.7247736631944445 0.45234567881944443 0.6392757204861111 0.40032921875 0.5535473246527778 0.3249711927083333 0.544691357638889 0.22209053472222223 0.5951934149305556
1 0.6779259253472223 0.3994403298611111 0.6205432100694445 0.37619753125 0.5538765434027778 0.38014814756944443 0.4689053489583333 0.42070781944444446 0.44516872395833335 0.5242469131944445 0.4577777777777778 0.5723456788194444 0.49274074131944445 0.6102386822916667 0.5456790121527777 0.6337448559027777 0.5990123454861112 0.6305843628472222 0.7065349791666667 0.5664855972222222 0.7255637864583333 0.48098765451388886 0.6779259253472223 0.3994403298611111
1 0.6827983541666667 0.6700246909722222 0.5896625520833333 0.6622222222222223 0.5182880659722222 0.6842139913194445 0.4777613177083333 0.7221399184027777 0.4584691354166666 0.8254156371527778 0.47552263368055553 0.8732510295138889 0.5236213993055556 0.9236872430555556 0.6166913576388889 0.93593415625 0.7287901232638889 0.8626831267361111 0.7523950625 0.7680329218749999 0.7310288072916666 0.7115720156249999 0.6827983541666667 0.6700246909722222
1 0.9293827152777777 0.21135802430555556 0.8772345677083333 0.13451851909722223 0.8065185190972222 0.11206584375 0.7398518524305556 0.11601646006944444 0.6458600815972222 0.16599176909722224 0.6134320989583333 0.2567242795138889 0.6300905347222222 0.3312263368055556 0.6606748975694444 0.3649382708333333 0.7804115225694445 0.3756049375 0.8651851857638889 0.3483786006944445 0.9011358020833333 0.3196049375 0.9285925920138889 0.2646913576388889 0.9293827152777777 0.21135802430555556
1 0.22192592534722222 0.30656790104166665 0.16335802430555557 0.36332510243055555 0.15779423784722224 0.43914403298611115 0.192362140625 0.503703703125 0.3033415642361111 0.5060082309027778 0.3749794236111111 0.46623868229166665 0.38962963020833336 0.3765596701388889 0.3100246909722222 0.35463374479166665 0.279769546875 0.29869958854166667 0.22192592534722222 0.30656790104166665
1 0.3796543211805556 0.15068312673611112 0.29455144097222224 0.2001316875 0.27539094618055554 0.2945185190972222 0.3143374479166667 0.3632592586805556 0.3940740746527778 0.376296296875 0.48773662500000003 0.34854321006944444 0.5288559670138889 0.2706172847222222 0.4540246909722222 0.2262057621527778 0.4329876545138889 0.14752263368055557 0.3796543211805556 0.15068312673611112
1 0.647637859375 0.04599176909722222 0.5190123454861112 0.03585185243055555 0.4561316875 0.08398353993055556 0.4325925920138889 0.17418930034722224 0.4714074079861111 0.2518189305555556 0.5244115225694445 0.2708806579861111 0.608921810763889 0.26143209895833336 0.6367078194444444 0.18429629687500002 0.704098765625 0.13145678993055554 0.704362140625 0.11367901215277779 0.647637859375 0.04599176909722222
1 0.5514238680555555 0 0.5635884774305555 0.02432921875 0.607703703125 0.043917696180555556 0.7231934149305556 0.04151440277777778 0.7902551440972222 0.010897119791666666 0.7976570729166667 0 0.5514238680555555 0
1 0.2862123072916667 0 0.2790781892361111 0.045629630208333334 0.3223374479166667 0.12299588541666667 0.43318518576388887 0.1341893003472222 0.49208230381944446 0.055209876736111115 0.5367901232638889 0.03479835416666667 0.5349786076388888 0 0.2862123072916667 0
1 0.10488888888888888 0.11367901215277779 0.05527572048611111 0.16546502083333334 0.04971193402777777 0.2412839513888889 0.09767901215277779 0.3006090538194444 0.19990123437500001 0.29455144097222224 0.24016460937499998 0.27440329166666666 0.26742386805555557 0.2328230451388889 0.2685432100694445 0.15726748958333334 0.22926748958333334 0.11074897048611111 0.10488888888888888 0.11367901215277779