0 0 0.9966996689814814 0.3811881180555556 0.9966996689814814 0.3787128703703704 0.9801980208333333 0.35396039583333333 0.9735973587962964 0.35396039583333333 0.9570957106481481 0.3737623773148148 0.9504950486111111 0.3762376226851852 0.9306930694444445 0.3861386134259259 0.927392738425926 0.3688118819444444 0.9174917499999999 0.400990099537037 0.910891087962963 0.4133663356481481 0.8943894398148148 0.45049504861111117 0.8778877893518519 0.4579207916666667 0.8976897685185186 0.4826732662037037 0.8811881180555555 0.5099009907407408 0.8877887777777778 0.49009900925925926 0.8976897685185186 0.5371287129629629 0.8976897685185186 0.5445544560185185 0.8811881180555555 0.5668316828703703 0.9009900995370371 0.5594059398148148 0.9372937291666666 0.5668316828703703 0.9372937291666666 0.5693069305555556 0.9174917499999999 0.5816831689814814 0.9372937291666666 0.5915841574074074 0.927392738425926 0.5866336643518518 0.9141914189814815 0.6113861388888888 0.9075907592592592 0.613861386574074 0.9240924097222222 0.5915841574074074 0.9339934004629629 0.589108912037037 0.9438943888888889 0.5990099004629629 0.9537953796296296 0.5940594050925926 0.9603960393518519 0.6113861388888888 0.9603960393518519 0.6163366342592593 0.9702970300925926 0.5792079212962963 0.9966996689814814 0.9975247523148149 0.9966996689814814 0.9975247523148149 0.7227722777777777 0.9826732662037038 0.6996699675925926 0.9801980208333333 0.7062706273148147 0.9455445555555556 0.673267326388889 0.9455445555555556 0.6534653472222223 0.8985148518518519 0.6105610555555556 0.8490099004629629 0.5478547847222223 0.5915841574074074 0.5478547847222223 0.5618811875 0.5676567662037036 0.5594059398148148 0.6006600671296296 0.5668316828703703 0.6171617152777777 0.5915841574074074 0.6204620462962963 0.5940594050925926 0.6468646874999999 0.5866336643518518 0.6567656759259259 0.5445544560185185 0.6699669976851852 0.4826732662037037 0.6699669976851852 0.43564356481481487 0.6468646874999999 0.4430693078703704 0.6171617152777777 0.48019802083333335 0.6105610555555556 0.4702970300925926 0.6072607268518518 0.48019802083333335 0.5841584166666667 0.47772277314814815 0.5511551157407407 0.25990099074074074 0.5445544560185185 0.25742574305555554 0.5445544560185185 0.23019802083333332 0.5676567662037036 0.19306930787037035 0.5742574259259259 0.13118811805555555 0.6336633657407407 0.11881188194444443 0.6270627060185185 0.11138613888888889 0.640264025462963 0.11881188194444443 0.6633663356481482 0.08910891203703704 0.6930693078703704 0.07673267361111112 0.6930693078703704 0.04950495138888889 0.7260726064814814 0.04207920833333333 0.7194719467592593 0.03712871296296297 0.7359735972222222 0.017326733796296297 0.7293729375 0 0.7392739282407407 0 0.9966996689814814
1 0.22772277314814815 0.4554455439814815 0.2202970300925926 0.46534653472222226 0.23267326620370368 0.4785478541666667 0.21782178240740743 0.4851485138888889 0.2202970300925926 0.47194719444444444 0.2153465347222222 0.47524752546296295 0.21782178240740743 0.5016501643518518 0.23762376157407405 0.5016501643518518 0.2549504953703704 0.5280528055555556 0.3613861388888889 0.5379537962962962 0.4727722777777778 0.5379537962962962 0.4876237615740741 0.5247524745370371 0.5024752476851853 0.5313531342592592 0.5024752476851853 0.39933993287037034 0.28960396064814814 0.39603960416666667 0.26980197916666665 0.39603960416666667 0.23019802083333332 0.40594059490740736 0.23267326620370368 0.42244224537037034 0.22277227777777778 0.44554455555555555 0.22772277314814815 0.4554455439814815
1 0.7524752476851851 0.5379537962962962 0.7846534652777778 0.5247524745370371 0.8094059398148148 0.5280528055555556 0.8193069305555555 0.5115511550925925 0.8415841574074073 0.5247524745370371 0.8514851481481481 0.5115511550925925 0.8490099004629629 0.44554455555555555 0.8589108912037037 0.39603960416666667 0.5569306921296296 0.39603960416666667 0.5470297037037037 0.39603960416666667 0.5643564351851852 0.5379537962962962 0.5841584166666667 0.5247524745370371 0.6014851481481481 0.5346534652777778 0.7524752476851851 0.5379537962962962
0 0.25990099074074074 0.1584158425925926 0.25 0.14851485185185187 0.1757425740740741 0.1584158425925926 0.16089108796296295 0.17821782175925927 0.17079207870370372 0.20462046296296296 0.16584158333333332 0.21452145138888887 0.18069306944444444 0.2409240925925926 0.1732673263888889 0.24752475231481483 0.18069306944444444 0.26072607175925927 0.1757425740740741 0.28382838194444443 0.18316831712962964 0.28712871296296294 0.1732673263888889 0.29042904398148145 0.1757425740740741 0.32343234259259257 0.18811881249999998 0.3366336643518519 0.20049504861111112 0.3333333333333333 0.2029702962962963 0.3432343240740741 0.2153465347222222 0.3366336643518519 0.22277227777777778 0.3498349837962963 0.23267326620370368 0.33993399305555555 0.24752475231481483 0.33993399305555555 0.25 0.3498349837962963 0.2797029699074074 0.3498349837962963 0.28960396064814814 0.33993399305555555 0.39356435648148147 0.3465346527777778 0.4034653472222222 0.3300330023148148 0.4158415833333333 0.3333333333333333 0.42326732638888886 0.3498349837962963 0.5024752476851853 0.3465346527777778 0.5099009907407408 0.3300330023148148 0.5346534652777778 0.3300330023148148 0.5420792083333333 0.3465346527777778 0.5643564351851852 0.3432343240740741 0.5693069305555556 0.3201320138888889 0.5816831689814814 0.32343234259259257 0.5841584166666667 0.3432343240740741 0.5990099004629629 0.3300330023148148 0.6064356435185184 0.3465346527777778 0.613861386574074 0.32673267361111114 0.6237623773148149 0.32673267361111114 0.6311881180555555 0.3465346527777778 0.6410891087962963 0.3465346527777778 0.6460396041666667 0.3300330023148148 0.6485148518518519 0.3432343240740741 0.6534653472222223 0.3300330023148148 0.6559405949074074 0.33993399305555555 0.6831683171296297 0.3432343240740741 0.7400990092592593 0.3333333333333333 0.863861386574074 0.3366336643518519 0.8712871296296297 0.22112211111111113 0.8613861388888888 0.22112211111111113 0.8564356435185184 0.16831683101851855 0.8094059398148148 0.17491749074074076 0.7821782175925925 0.1650165023148148 0.7673267337962962 0.17491749074074076 0.737623761574074 0.1650165023148148 0.7326732662037038 0.18151815277777777 0.7227722777777777 0.17161716203703706 0.7178217824074075 0.18151815277777777 0.698019800925926 0.1650165023148148 0.6757425740740741 0.17491749074074076 0.673267326388889 0.15511551157407408 0.660891087962963 0.14191419212962963 0.589108912037037 0.14191419212962963 0.5866336643518518 0.13861386111111113 0.3737623773148148 0.14521452083333333 0.3366336643518519 0.1584158425925926 0.26980197916666665 0.14851485185185187 0.25990099074074074 0.1584158425925926
0 0.2821782175925926 0.39603960416666667 0.8886138611111112 0.39273927314814816 0.8960396041666667 0.3630363032407407 0.8341584166666666 0.35313531249999996 0.4554455439814815 0.35313531249999996 0.44158415740740736 0.35313531249999996 0.19306930787037035 0.3630363032407407 0.18316831712962964 0.3729372939814815 0.23514851388888888 0.39273927314814816 0.2821782175925926 0.39603960416666667
1 0.5173267337962963 0.3465346527777778 0.5321782175925927 0.3498349837962963 0.5346534652777778 0.3432343240740741 0.5346534652777778 0.3333333333333333 0.512376238425926 0.3333333333333333 0.5099009907407408 0.33993399305555555 0.5099009907407408 0.3465346527777778 0.512376238425926 0.3498349837962963 0.5173267337962963 0.3465346527777778
1 0.4183168310185185 0.3432343240740741 0.4183168310185185 0.33993399305555555 0.4133663356481481 0.3333333333333333 0.400990099537037 0.3333333333333333 0.39603960416666667 0.3432343240740741 0.3985148518518518 0.3498349837962963 0.4133663356481481 0.3498349837962963 0.4183168310185185 0.3432343240740741
1 0.5792079212962963 0.3366336643518519 0.5816831689814814 0.3300330023148148 0.5792079212962963 0.32673267361111114 0.5792079212962963 0.3201320138888889 0.5693069305555556 0.3201320138888889 0.5643564351851852 0.3300330023148148 0.5643564351851852 0.3366336643518519 0.5693069305555556 0.3465346527777778 0.5792079212962963 0.3366336643518519
1 0.6262376226851851 0.3465346527777778 0.6262376226851851 0.3300330023148148 0.6163366342592593 0.3300330023148148 0.613861386574074 0.3333333333333333 0.613861386574074 0.3465346527777778 0.6163366342592593 0.3498349837962963 0.6262376226851851 0.3465346527777778
1 0.9678217824074075 0.6600660069444444 0.9975247523148149 0.7062706273148147 0.9975247523148149 0.5082508240740741 0.9851485138888889 0.5181518148148149 0.8836633657407407 0.44554455555555555 0.8613861388888888 0.44554455555555555 0.8539603958333333 0.5280528055555556 0.8589108912037037 0.5478547847222223 0.910891087962963 0.6105610555555556 0.9678217824074075 0.6600660069444444
1 0.5420792083333333 0.39933993287037034 0.5346534652777778 0.39933993287037034 0.5272277222222223 0.4026402638888889 0.5321782175925927 0.5643564351851852 0.5594059398148148 0.541254125 0.5420792083333333 0.39933993287037034