1 0.9511111111111111 0.09333333333333334 1 0.09777777777777778 1 0.28888888888888886 0.8933333333333333 0.29333333333333333 0.8755555555555555 0.2577777777777778 0.88 0.14666666666666667
1 0.29333333333333333 0.21333333333333335 0.39111111111111113 0.2311111111111111 0.43555555555555553 0.3333333333333333 0.4222222222222222 0.4088888888888889 0.3333333333333333 0.4622222222222222 0.24888888888888888 0.4444444444444444 0.2 0.3377777777777778 0.2088888888888889 0.26666666666666666
1 0.4488888888888889 0.4533333333333333 0.5511111111111111 0.47555555555555556 0.5866666666666667 0.56 0.5866666666666667 0.6266666666666667 0.56 0.6844444444444444 0.47555555555555556 0.7333333333333333 0.39111111111111113 0.7155555555555555 0.3333333333333333 0.6088888888888889 0.3333333333333333 0.5555555555555556 0.36 0.5022222222222222 0.4 0.4666666666666667
1 0.14666666666666667 0.4711111111111111 0.24888888888888888 0.4888888888888889 0.28444444444444444 0.5288888888888889 0.3022222222222222 0.6 0.28888888888888886 0.6933333333333334 0.24444444444444444 0.7422222222222222 0.18666666666666668 0.7644444444444445 0.09333333333333334 0.7422222222222222 0.02666666666666667 0.6311111111111111 0.044444444444444446 0.5377777777777778 0.09777777777777778 0.4888888888888889
1 0.7066666666666667 0.6177777777777778 0.7955555555555556 0.6488888888888888 0.84 0.7422222222222222 0.84 0.8088888888888889 0.8133333333333334 0.88 0.7333333333333333 0.9333333333333333 0.68 0.9333333333333333 0.6266666666666667 0.9066666666666666 0.6 0.8711111111111111 0.5777777777777777 0.7866666666666666 0.5955555555555555 0.6666666666666666 0.6311111111111111 0.6355555555555555
1 0.5511111111111111 0.16444444444444445 0.6266666666666667 0.1688888888888889 0.68 0.22666666666666666 0.6844444444444444 0.28444444444444444 0.6266666666666667 0.31555555555555553 0.6 0.39555555555555555 0.5111111111111111 0.38222222222222224 0.47555555555555556 0.3111111111111111 0.48444444444444446 0.2
1 0.6888888888888889 0.28 0.7822222222222223 0.29777777777777775 0.8266666666666667 0.38222222222222224 0.8266666666666667 0.43555555555555553 0.7466666666666667 0.4577777777777778 0.6977777777777778 0.5333333333333333 0.6222222222222222 0.49333333333333335 0.6 0.4 0.6177777777777778 0.32
1 0.8 0.43555555555555553 0.8888888888888888 0.4577777777777778 0.9333333333333333 0.52 0.9155555555555556 0.6488888888888888 0.8444444444444444 0.7066666666666667 0.8266666666666667 0.7066666666666667 0.7777777777777778 0.64 0.7022222222222222 0.6133333333333333 0.6977777777777778 0.5288888888888889 0.72 0.47555555555555556
1 0.9866666666666667 0.5422222222222223 1 0.5422222222222223 1 0.8311111111111111 0.9422222222222222 0.7911111111111111 0.9155555555555556 0.7244444444444444 0.92 0.6088888888888889 0.9422222222222222 0.5644444444444444
1 0.9377777777777778 0.28 1 0.28888888888888886 1 0.5333333333333333 0.9333333333333333 0.5377777777777778 0.9155555555555556 0.49333333333333335 0.84 0.43555555555555553 0.8577777777777778 0.3244444444444444
1 0.7555555555555555 0.05333333333333334 0.8311111111111111 0.057777777777777775 0.88 0.10666666666666667 0.8755555555555555 0.2311111111111111 0.8266666666666667 0.27111111111111114 0.7511111111111111 0.27111111111111114 0.7111111111111111 0.24444444444444444 0.6933333333333334 0.20444444444444446 0.6933333333333334 0.10222222222222223