1 0.9114756944444444 0.6678125 0.879403935763889 0.6774652777777779 0.8226909722222222 0.6680208333333333 0.7915856475694444 0.6804861111111111 0.7839178246527778 0.6939930555555556 0.7883969913194444 0.8312847222222222 0.8103761579861111 0.8571875 0.8234317135416667 0.8660763888888889 0.8685185190972222 0.8763888888888889 0.8876793975694445 0.8717013888888889 0.9158854166666666 0.8507986111111111 0.9315393524305556 0.816875 0.9350636579861111 0.7879513888888889 0.9324710642361111 0.7490625 0.9209432864583333 0.6696180555555555 0.9114756944444444 0.6678125
1 0.5979629635416667 0.7438888888888889 0.5699189809027777 0.7204861111111112 0.5270833333333333 0.7088888888888889 0.5036458333333333 0.7078472222222223 0.48379629687500003 0.7138888888888889 0.4668981475694445 0.7408333333333333 0.4591493055555556 0.7764930555555556 0.46042824131944443 0.8540972222222222 0.46609375000000003 0.8806597222222222 0.4737326388888889 0.9017708333333333 0.4969560190972222 0.9346527777777778 0.5238483802083334 0.9524652777777778 0.5523437499999999 0.9592708333333333 0.5912615746527777 0.9471527777777777 0.6087152777777778 0.9285416666666667 0.6161979166666667 0.9122569444444445 0.6229398142361111 0.8848611111111111 0.6237094913194444 0.8613541666666666 0.6141550920138888 0.7764583333333334 0.5979629635416667 0.7438888888888889
1 0.3656539357638889 0.7294097222222222 0.3417013888888889 0.7089583333333334 0.32014467534722224 0.7010763888888889 0.29436342534722226 0.6999305555555556 0.2721701388888889 0.7058680555555555 0.25177661979166666 0.7271180555555555 0.2393402777777778 0.7625694444444444 0.23473958333333333 0.8454513888888889 0.23728009201388892 0.871875 0.2457002309027778 0.8930208333333334 0.2648321753472222 0.922951388888889 0.28984374999999996 0.9476041666666668 0.3133333333333333 0.9611111111111111 0.34780092534722223 0.9640277777777777 0.38125 0.9516666666666667 0.39585648090277775 0.9370833333333333 0.4054976857638889 0.9181250000000001 0.41347222222222224 0.8741666666666666 0.41096064756944445 0.813125 0.40616898090277775 0.787986111111111 0.3656539357638889 0.7294097222222222
1 0.6472395833333333 0.11600694444444443 0.6198321753472222 0.07878472222222223 0.5840682864583333 0.05642361111111111 0.5496932864583334 0.05489583333333334 0.5167071753472222 0.07420138888888889 0.4985243055555555 0.10524305555555555 0.4928819444444444 0.1257638888888889 0.48726273090277783 0.19336805555555556 0.4896296302083333 0.24055555555555555 0.4942361111111111 0.2629166666666667 0.5053703697916666 0.2897222222222222 0.5328703697916667 0.32833333333333337 0.5589814809027778 0.34611111111111115 0.5983217586805556 0.35201388888888885 0.623640046875 0.3462152777777778 0.6399942135416666 0.33447916666666666 0.657858796875 0.3103472222222222 0.6656597222222222 0.2871527777777778 0.6716319444444445 0.28326388888888887 0.6631655086805556 0.1679513888888889 0.6472395833333333 0.11600694444444443
1 0.3385127309027778 0.2989236111111111 0.3207175920138889 0.2773611111111111 0.2898263888888889 0.2579861111111111 0.2577951388888889 0.2565625 0.22618634201388887 0.27315972222222223 0.20465277777777777 0.3123611111111111 0.1912615746527778 0.36854166666666666 0.19478009201388888 0.42131944444444447 0.20159722222222223 0.4534722222222222 0.21416088020833335 0.4900347222222222 0.2395949079861111 0.5327083333333333 0.26382523090277776 0.5573263888888889 0.27678819444444447 0.5648263888888888 0.30831597222222223 0.5703819444444445 0.34346064756944444 0.5484027777777778 0.36499421354166667 0.5092013888888889 0.3731134253472222 0.4790972222222222 0.3754456024305555 0.4556597222222222 0.37039351909722223 0.3681944444444445 0.35782986111111115 0.33163194444444444 0.3385127309027778 0.2989236111111111
1 0.8203009253472222 0.19986111111111113 0.7882581024305556 0.17489583333333333 0.7548900468749999 0.16510416666666666 0.7235069444444444 0.17340277777777777 0.6914467586805555 0.2065972222222222 0.6758854166666667 0.24190972222222223 0.6771122690972222 0.30704861111111115 0.6866666666666666 0.39194444444444443 0.7052546302083333 0.4370833333333333 0.7191435190972223 0.45847222222222217 0.7405671302083333 0.47604166666666664 0.7759606475694444 0.4928472222222222 0.7868981475694444 0.4933333333333334 0.8083101857638888 0.48736111111111113 0.834265046875 0.46774305555555556 0.8526736111111111 0.42840277777777774 0.8586747690972223 0.38989583333333333 0.853015046875 0.28163194444444445 0.8422395833333334 0.23684027777777775 0.8203009253472222 0.19986111111111113
1 0.7760416666666666 0.6576388888888889 0.751892361111111 0.6108680555555556 0.7336863420138889 0.594826388888889 0.7119444444444444 0.5841666666666667 0.6862557864583334 0.5844097222222222 0.638015046875 0.6085763888888889 0.6211168975694444 0.6355208333333333 0.6145196753472222 0.6767708333333333 0.6226157413194444 0.7865277777777778 0.6347685190972222 0.8286111111111111 0.6513715277777777 0.8556597222222222 0.6754166666666667 0.8775 0.6970659722222222 0.8867708333333333 0.722158564236111 0.8892708333333333 0.7511053246527778 0.8794791666666666 0.7722800920138888 0.8582638888888889 0.7812326388888889 0.8406597222222223 0.7873784722222221 0.8160069444444444 0.7888773142361111 0.7800694444444445 0.7825810190972222 0.685625 0.7760416666666666 0.6576388888888889
1 0.6902546302083333 0.39902777777777776 0.6818113420138889 0.3307986111111111 0.6708217586805555 0.3178472222222222 0.6582291666666666 0.3159027777777778 0.6327372690972222 0.34246527777777774 0.6092592586805555 0.3525 0.5749768524305555 0.3523611111111111 0.546203703125 0.34138888888888885 0.5401504635416666 0.36743055555555554 0.5415104166666667 0.4228819444444445 0.5690624999999999 0.4739583333333333 0.57 0.5113888888888889 0.5659317135416667 0.5555208333333334 0.5805092586805556 0.5755555555555555 0.5986226857638889 0.5902083333333333 0.6242708333333333 0.6010416666666667 0.6445833333333333 0.6019444444444445 0.6667766197916667 0.5960069444444445 0.6875405086805555 0.5803125 0.7089409722222223 0.5507986111111111 0.7164641197916667 0.5234375 0.7176041666666666 0.5054861111111112 0.7126157413194444 0.45402777777777775 0.6902546302083333 0.39902777777777776
1 0.499577546875 0.37809027777777776 0.46271411979166666 0.36260416666666667 0.4256770833333333 0.36788194444444444 0.4072164357638889 0.3947569444444444 0.39533564756944445 0.43854166666666666 0.38971643576388887 0.5061458333333334 0.39101273090277777 0.5255902777777778 0.39745949131944447 0.5521875 0.419172453125 0.5974652777777778 0.4527372690972222 0.6335763888888889 0.48109953645833337 0.6500694444444445 0.5116608802083333 0.6528125 0.535734953125 0.6400347222222222 0.553640046875 0.6048263888888888 0.568952546875 0.5307291666666667 0.5663483802083333 0.46829861111111115 0.5545254635416668 0.4428472222222222 0.5337384253472223 0.4114583333333333 0.499577546875 0.37809027777777776
1 0.4914236111111111 0.150625 0.48378472222222224 0.12951388888888887 0.46359374999999997 0.09538194444444444 0.44685763888888885 0.07802083333333333 0.4119675920138889 0.05708333333333334 0.37984375 0.05427083333333334 0.3399189809027778 0.07465277777777778 0.322702546875 0.10850694444444445 0.31556134201388886 0.16496527777777778 0.32024305555555554 0.24687499999999998 0.32995949131944446 0.2874652777777778 0.3614178246527778 0.33871527777777777 0.3956192135416667 0.3610069444444444 0.42549189756944444 0.3651041666666667 0.4590335642361111 0.3541319444444444 0.4708854166666667 0.34496527777777775 0.4859027777777778 0.3248611111111111 0.4984317135416667 0.2907986111111111 0.498327546875 0.26586805555555554 0.49062500000000003 0.20875 0.4914236111111111 0.150625
1 0.9278182864583333 0.4455902777777778 0.9009143524305555 0.40423611111111113 0.8724594913194444 0.38635416666666667 0.8596412031249999 0.3927083333333333 0.8546469913194444 0.4229513888888889 0.8426215277777778 0.45288194444444446 0.7941145833333334 0.4964236111111111 0.7808449079861111 0.519375 0.7768576388888889 0.5413541666666667 0.7833680555555556 0.6039583333333334 0.7926215277777778 0.6376041666666666 0.8032928246527777 0.6574652777777777 0.8440625 0.6731250000000001 0.8809664357638889 0.6775347222222222 0.9145081024305556 0.6665625 0.9312731475694443 0.6493055555555556 0.9408217586805555 0.6289583333333333 0.9504513888888889 0.5864583333333333 0.9450925920138888 0.5294444444444444 0.9304108802083333 0.4844791666666667 0.9278182864583333 0.4455902777777778
1 0.26842013888888894 0.5561458333333333 0.23729166666666668 0.5215277777777777 0.21962963020833332 0.49027777777777776 0.20531828645833333 0.45086805555555554 0.19563078645833334 0.3756597222222222 0.19135416666666666 0.3699305555555556 0.17278935243055557 0.37187499999999996 0.15079282465277777 0.40413194444444445 0.1434548611111111 0.43427083333333333 0.14078703645833335 0.5227777777777778 0.14711226909722222 0.5826041666666666 0.16192708333333333 0.6178819444444444 0.17590856423611112 0.6406597222222222 0.19089699131944443 0.655173611111111 0.22316550868055554 0.6718402777777778 0.25138310243055556 0.6744791666666666 0.2838657413194444 0.6593055555555556 0.29837963020833336 0.6433333333333333 0.30980902777777775 0.6161458333333333 0.31255208333333334 0.5871875000000001 0.3107523142361111 0.5718749999999999 0.30325810243055557 0.5646180555555556 0.26842013888888894 0.5561458333333333
1 0.3967303246527778 0.5646180555555556 0.3878877309027778 0.525451388888889 0.37349536979166664 0.5081944444444445 0.3620138888888889 0.5229166666666667 0.3584375 0.539375 0.33294560243055554 0.5659375 0.32384838020833334 0.5696875 0.3221527777777778 0.5793055555555555 0.31696180555555553 0.5832291666666667 0.31421875 0.6121875 0.304577546875 0.6311458333333334 0.30261574131944446 0.6601388888888889 0.31274305555555554 0.6952083333333333 0.33177083333333335 0.7002083333333333 0.3622511579861111 0.7251041666666667 0.3873553246527778 0.7511458333333334 0.40064814756944445 0.7752777777777777 0.4086458333333333 0.7784027777777778 0.43281250000000004 0.7670138888888889 0.4551273142361111 0.7278472222222222 0.4581076388888889 0.7141319444444444 0.45596643576388884 0.6586458333333334 0.45223379687500004 0.6377083333333333 0.40749421354166665 0.5858680555555555 0.3967303246527778 0.5646180555555556