1 0.566084787037037 0.3432343240740741 0.6259351620370371 0.32343234259259257 0.6433915208333333 0.29042904398148145 0.6384039907407407 0.25082508333333337 0.6034912708333334 0.2442244212962963 0.5336658356481482 0.24752475231481483 0.49376558564814815 0.26072607175925927 0.4413965092592593 0.25742574305555554 0.40648379166666665 0.2706270625 0.403990025462963 0.28712871296296294 0.42394015046296296 0.3201320138888889 0.5137157106481481 0.3432343240740741 0.566084787037037 0.3432343240740741
1 0.4663341643518518 0.5544554444444445 0.4688279305555556 0.5148514861111111 0.48877805555555554 0.45874587499999997 0.49376558564814815 0.3861386134259259 0.46384039814814815 0.3762376226851852 0.4463840393518519 0.44554455555555555 0.443890275462963 0.5049504953703704 0.45635910185185186 0.5181518148148149 0.45885286805555553 0.5511551157407407 0.4663341643518518 0.5544554444444445
0 0 0 0 0.20792079166666666 0.3291770578703704 0.21782178240740743 0.3566084791666667 0.22442244212962964 0.3615960092592592 0.23762376157407405 0.37406483796296297 0.22442244212962964 0.38653366666666666 0.23432343287037036 0.38154613425925926 0.21782178240740743 0.40648379166666665 0.22772277314814815 0.4114713217592592 0.21782178240740743 0.44887780555555556 0.21782178240740743 0.46134663425925926 0.19801980092592594 0.4688279305555556 0.20132013194444445 0.4688279305555556 0.21452145138888887 0.48628428935185186 0.22442244212962964 0.6084788032407408 0.22112211111111113 0.6334164583333334 0.23432343287037036 0.6384039907407407 0.22442244212962964 0.9975062337962962 0.23102310185185185 0.9975062337962962 0 0.5685785532407407 0 0.5536159606481481 0.019801979166666667 0.5536159606481481 0.04290428935185185 0.5610972569444445 0.05280528009259259 0.556109724537037 0.09240924074074074 0.5586034907407408 0.08580858101851853 0.5685785532407407 0.10891089120370372 0.556109724537037 0.11221122222222223 0.5386533657407407 0.14521452083333333 0.49875311805555556 0.14521452083333333 0.5062344143518518 0.15181518055555557 0.4912718194444444 0.16171617129629628 0.48379052314814813 0.15181518055555557 0.4912718194444444 0.14521452083333333 0.48379052314814813 0.14191419212962963 0.4912718194444444 0.12211221064814815 0.5162094768518519 0.10231023148148148 0.5137157106481481 0.08910891203703704 0.5236907731481482 0.07590759027777778 0.5311720694444444 0.09570957175925926 0.5311720694444444 0.06600659953703704 0.5461346643518519 0.05940593981481482 0.5436408981481482 0.03630362962962963 0.5162094768518519 0 0.5036184537037037 0 0 0
1 0.5137157106481481 0 0.5311720694444444 0.016501650462962963 0.5436408981481482 0.05280528009259259 0.5137157106481481 0.08910891203703704 0.5162094768518519 0.09900990046296297 0.48877805555555554 0.12541254166666668 0.46384039814814815 0.17821782175925927 0.46134663425925926 0.20792079166666666 0.4688279305555556 0.21122112268518517 0.4713216967592593 0.17821782175925927 0.5012468819444444 0.1584158425925926 0.5586034907407408 0.13861386111111113 0.5860349120370371 0.14521452083333333 0.556109724537037 0.0792079212962963 0.5486284282407408 0.02970296990740741 0.566084787037037 0 0.5529925185185185 0 0.5137157106481481 0
0 0.6458852870370371 0.29042904398148145 0.6334164583333334 0.3003300324074074 0.6259351620370371 0.32343234259259257 0.6009975069444444 0.32673267361111114 0.6034912708333334 0.33993399305555555 0.5935162083333333 0.33993399305555555 0.5910224444444444 0.3300330023148148 0.5785536157407407 0.33993399305555555 0.6932668333333333 0.3498349837962963 0.8678304236111111 0.3432343240740741 0.8977556111111111 0.35313531249999996 0.9975062337962962 0.3465346527777778 0.9950124699074074 0.2409240925925926 0.8578553611111112 0.24752475231481483 0.8254364097222222 0.2409240925925926 0.8229426435185184 0.23102310185185185 0.8204488773148149 0.2409240925925926 0.8154613472222222 0.23102310185185185 0.7705735671296297 0.23102310185185185 0.7755610972222222 0.2409240925925926 0.7206982546296297 0.23102310185185185 0.7157107222222222 0.2409240925925926 0.7157107222222222 0.23102310185185185 0.6533665833333333 0.23762376157407405 0.6483790532407409 0.22772277314814815 0.6259351620370371 0.22772277314814815 0.6408977546296297 0.23432343287037036 0.6234413958333334 0.2442244212962963 0.6458852870370371 0.2640264027777778 0.6458852870370371 0.29042904398148145
0 0.004987530092592592 0.32673267361111114 0.08229426388888889 0.32673267361111114 0.0872817962962963 0.31353135416666666 0.0972568587962963 0.3300330023148148 0.11970074768518518 0.31683168287037033 0.12718204398148147 0.3300330023148148 0.2718204490740741 0.32343234259259257 0.2917705740740741 0.3333333333333333 0.3615960092592592 0.32673267361111114 0.37655860416666664 0.3366336643518519 0.38653366666666666 0.32673267361111114 0.3890274305555556 0.3366336643518519 0.4114713217592592 0.3300330023148148 0.4114713217592592 0.3201320138888889 0.41645885185185183 0.3333333333333333 0.42394015046296296 0.32343234259259257 0.3990024930555556 0.28712871296296294 0.40897755555555554 0.2640264027777778 0.3890274305555556 0.2673267337962963 0.37655860416666664 0.28052805324074076 0.3890274305555556 0.28712871296296294 0.37655860416666664 0.29042904398148145 0.37157107175925924 0.27722772222222225 0.3591022453703704 0.27722772222222225 0.3591022453703704 0.2640264027777778 0.3416458842592593 0.26072607175925927 0.3591022453703704 0.25082508333333337 0.3316708240740741 0.25412541203703704 0.3316708240740741 0.27722772222222225 0.3092269328703704 0.27722772222222225 0.3017456365740741 0.29042904398148145 0.29675810416666665 0.27722772222222225 0.30423940046296294 0.2640264027777778 0.2618453865740741 0.2640264027777778 0.25685785648148146 0.2739273935185185 0.23940149537037037 0.25742574305555554 0.22194513657407405 0.26072607175925927 0.22194513657407405 0.25082508333333337 0.2069825439814815 0.25082508333333337 0.20947631018518517 0.26072607175925927 0.1945137152777778 0.2640264027777778 0.19201994907407408 0.27722772222222225 0.18453865277777778 0.2640264027777778 0.1620947638888889 0.2640264027777778 0.15710723148148148 0.25082508333333337 0.13715710648148147 0.25082508333333337 0.13466334259259258 0.2706270625 0.12219451388888888 0.25082508333333337 0.12718204398148147 0.26072607175925927 0.10972568518518519 0.2640264027777778 0.11221945138888889 0.2739273935185185 0.10473815509259259 0.28052805324074076 0.0972568587962963 0.26072607175925927 0.0773067337962963 0.2673267337962963 0.0773067337962963 0.28052805324074076 0.05735660879629629 0.28052805324074076 0.05236907638888889 0.2739273935185185 0.059850375 0.2640264027777778 0.06733167129629629 0.2706270625 0.07980049768518518 0.25082508333333337 0.04239401388888889 0.25412541203703704 0.027431421296296297 0.24752475231481483 0.027431421296296297 0.23762376157407405 0.012468828703703704 0.23762376157407405 0.027431421296296297 0.25412541203703704 0 0.26072607175925927 0.004987530092592592 0.32673267361111114
0 0 0.3300330023148148 0.13466334259259258 0.33993399305555555 0.4463840393518519 0.33993399305555555 0.45137157175925924 0.35643564351851853 0.45635910185185186 0.33993399305555555 0.4663341643518518 0.3498349837962963 0.4713216967592593 0.33993399305555555 0.4912718194444444 0.33993399305555555 0.4214463842592593 0.3201320138888889 0.403990025462963 0.2937293726851852 0.403990025462963 0.2706270625 0.45137157175925924 0.25412541203703704 0.5336658356481482 0.25412541203703704 0.5261845393518518 0.2409240925925926 0.5112219444444445 0.23762376157407405 0.5511221944444444 0.23102310185185185 0.0224438912037037 0.21122112268518517 0 0.21122112268518517 0 0.3300330023148148
0 0.30423940046296294 0.5874587453703703 0.40648379166666665 0.5775577546296297 0.4413965092592593 0.5841584166666667 0.47880299305555557 0.5742574259259259 0.5162094768518519 0.5841584166666667 0.5361596018518519 0.5742574259259259 0.556109724537037 0.5874587453703703 0.6009975069444444 0.5808580856481481 0.6932668333333333 0.5907590763888889 0.9975062337962962 0.5940594050925926 0.9975062337962962 0.5643564351851852 0.9800498750000001 0.5610561064814815 0.6733167083333333 0.5511551157407407 0.6284289282407407 0.557755775462963 0.5536159606481481 0.5478547847222223 0.49376558564814815 0.557755775462963 0.403990025462963 0.5478547847222223 0.0299251875 0.5478547847222223 0.014962592592592593 0.5478547847222223 0 0.5511551157407407 0.0024937662037037038 0.5808580856481481 0.007481296296296297 0.5742574259259259 0.30423940046296294 0.5874587453703703
0 0.29675810416666665 0.5544554444444445 0.43142144675925925 0.5511551157407407 0.46384039814814815 0.5643564351851852 0.48379052314814813 0.5544554444444445 0.4912718194444444 0.5808580856481481 0.49875311805555556 0.5775577546296297 0.49376558564814815 0.557755775462963 0.5037406481481481 0.5610561064814815 0.5137157106481481 0.541254125 0.5236907731481482 0.541254125 0.5211970069444445 0.5511551157407407 0.5286783032407407 0.5445544560185185 0.5336658356481482 0.5544554444444445 0.635910224537037 0.557755775462963 0.6408977546296297 0.5676567662037036 0.6284289282407407 0.5676567662037036 0.6259351620370371 0.5775577546296297 0.668329175925926 0.5544554444444445 0.7132169583333334 0.5676567662037036 0.728179550925926 0.5544554444444445 0.7331670833333334 0.5610561064814815 0.7356608472222221 0.5478547847222223 0.718204488425926 0.5313531342592592 0.7206982546296297 0.49504950462962966 0.7132169583333334 0.49174917592592593 0.7132169583333334 0.4686468657407407 0.7231920208333333 0.46534653472222226 0.7306733171296296 0.4785478541666667 0.728179550925926 0.4290429050925926 0.735118724537037 0.42215525694444445 0.7231920208333333 0.4158415833333333 0.7082294259259259 0.4290429050925926 0.6957605995370371 0.39933993287037034 0.6957605995370371 0.3861386134259259 0.7057356597222223 0.3795379537037037 0.7007481296296296 0.36963696296296294 0.5012468819444444 0.36963696296296294 0.5037406481481481 0.40594059490740736 0.4912718194444444 0.4290429050925926 0.4912718194444444 0.5214521458333333 0.4763092268518519 0.5280528055555556 0.4763092268518519 0.49504950462962966 0.46384039814814815 0.5511551157407407 0.443890275462963 0.4818481851851852 0.44887780555555556 0.43894389351851854 0.4688279305555556 0.4323432337962963 0.4538653356481482 0.42574257407407406 0.46134663425925926 0.39273927314814816 0.45635910185185186 0.3729372939814815 0.36907730787037035 0.3630363032407407 0.3416458842592593 0.36963696296296294 0.3167082291666667 0.35643564351851853 0.2743142152777778 0.35643564351851853 0.2718204490740741 0.35313531249999996 0.23690773148148148 0.3762376226851852 0.16957606018518517 0.35973597453703704 0.0024937662037037038 0.35973597453703704 0 0.5610561064814815 0.1820448888888889 0.5610561064814815 0.2194513726851852 0.5709570949074074 0.29675810416666665 0.5544554444444445
0 0.7431421435185185 0.5016501643518518 0.7481296759259259 0.5313531342592592 0.7406483796296297 0.5379537962962962 0.7556109722222223 0.541254125 0.7556109722222223 0.5643564351851852 0.7905236898148148 0.557755775462963 0.7980049884259259 0.5643564351851852 0.7930174560185186 0.5709570949074074 0.8054862847222223 0.5742574259259259 0.8129675810185185 0.5742574259259259 0.8154613472222222 0.5610561064814815 0.8453865347222221 0.5643564351851852 0.8553615949074074 0.5808580856481481 0.8827930185185185 0.5676567662037036 0.9102244398148147 0.5676567662037036 0.9127182037037037 0.5775577546296297 0.9276807986111111 0.5610561064814815 0.9376558611111112 0.5742574259259259 0.9501246875 0.5709570949074074 0.9551122199074074 0.5808580856481481 0.9625935162037037 0.5709570949074074 0.9825436412037036 0.5841584166666667 0.9875311712962963 0.5643564351851852 0.9975062337962962 0.5610561064814815 0.9975062337962962 0.40924092361111114 0.9825436412037036 0.3762376226851852 0.9276807986111111 0.3828382847222222 0.9052369074074074 0.3729372939814815 0.8703241898148149 0.3828382847222222 0.8653366574074075 0.3729372939814815 0.8503740648148148 0.3795379537037037 0.8104738148148148 0.3663366342592593 0.807980050925926 0.3828382847222222 0.778054863425926 0.3762376226851852 0.7431421435185185 0.3894389444444445 0.7356608472222221 0.40924092361111114 0.7336658356481481 0.40924092361111114 0.7355524236111111 0.4217247824074074 0.7381546134259259 0.4191419143518519 0.7456359097222222 0.45214521527777773 0.7381546134259259 0.4785478541666667 0.7431421435185185 0.49174917592592593 0.7256857847222222 0.4851485138888889 0.7256857847222222 0.5016501643518518 0.7431421435185185 0.5016501643518518
1 0.6234413958333334 0.3465346527777778 0.6109725694444444 0.3465346527777778 0.5112219444444445 0.35313531249999996 0.5037406481481481 0.3630363032407407 0.668329175925926 0.3630363032407407 0.6234413958333334 0.3465346527777778
1 0.7256857847222222 0.557755775462963 0.7506234421296296 0.5544554444444445 0.7406483796296297 0.5082508240740741 0.7356608472222221 0.3861386134259259 0.7306733171296296 0.36963696296296294 0.718204488425926 0.3630363032407407 0.7157107222222222 0.3630363032407407 0.698254363425926 0.3828382847222222 0.698254363425926 0.39603960416666667 0.7206982546296297 0.5478547847222223 0.7256857847222222 0.557755775462963
1 0.3890274305555556 0.6930693078703704 0.4413965092592593 0.696369636574074 0.44887780555555556 0.6765676574074073 0.48379052314814813 0.6666666666666666 0.4962593518518518 0.6534653472222223 0.5511221944444444 0.6501650162037037 0.4763092268518519 0.6270627060185185 0.4688279305555556 0.5907590763888889 0.4546957615740741 0.5907590763888889 0.42394015046296296 0.5940594050925926 0.41895261805555556 0.630363037037037 0.39401496296296296 0.6468646874999999 0.3890274305555556 0.6930693078703704
0 0 0 0.0024937662037037038 0.9834983495370371 0.0299251875 0.9834983495370371 0.03990025 0.9933993402777778 0.0698254375 0.9801980208333333 0.0698254375 0.9901795046296296 0.26932668287037037 0.9933993402777778 0.27680797916666666 0.9768976898148148 0.28927680787037036 0.9933993402777778 0.37406483796296297 0.9933993402777778 0.37655860416666664 0.9834983495370371 0.39401496296296296 0.9900990092592593 0.3890274305555556 0.9933993402777778 0.4339152129629629 0.9933993402777778 0.4413965092592593 0.9834983495370371 0.4538653356481482 0.9933993402777778 0.4713216967592593 0.9834983495370371 0.4763092268518519 0.9900990092592593 0.48877805555555554 0.966996699074074 0.49875311805555556 0.9735973587962964 0.48877805555555554 0.9900990092592593 0.49875311805555556 0.9933993402777778 0.5860349120370371 0.9834983495370371 0.5935162083333333 0.9933993402777778 0.6259351620370371 0.9966996689814814 0.9975062337962962 0.9966996689814814 0.9975062337962962 0 0.9850374074074074 0 0 0
1 0.668329175925926 0.5940594050925926 0.668329175925926 0.6501650162037037 0.6807980046296296 0.6534653472222223 0.6733167083333333 0.5940594050925926 0.668329175925926 0.5940594050925926
1 0.34413965046296296 0.5973597361111112 0.3366583541666667 0.5907590763888889 0.3291770578703704 0.5907590763888889 0.3167082291666667 0.6435643564814816 0.32169576157407404 0.6501650162037037 0.33915212037037035 0.6468646874999999 0.34413965046296296 0.5973597361111112