1 0.2660550462962963 0.43250688657407405 0.27155963194444444 0.4352617083333334 0.28256880787037036 0.4283746550925926 0.2954128449074074 0.44490358101851857 0.29357798148148145 0.48209366435185186 0.3064220185185185 0.48622589583333337 0.32844036805555554 0.4848484837962963 0.3394495416666667 0.4807162523148148 0.3302752291666667 0.4710743796296296 0.32844036805555554 0.4559228657407407 0.35596330324074077 0.43663911805555555 0.34862385416666664 0.4035812662037037 0.3302752291666667 0.3691460046296296 0.3247706412037037 0.37327823611111116 0.31376146759259255 0.37052341666666666 0.29357798148148145 0.3829201111111111 0.29174312037037037 0.4035812662037037 0.2972477060185185 0.4146005509259259 0.27339449537037036 0.4187327824074074 0.2660550462962963 0.43250688657407405
0 0.13027522916666667 0.9559228657407408 0.13027522916666667 0.9696969699074074 0.11192660648148148 0.9765840231481482 0.1321100925925926 0.9986225902777778 0.24220183564814815 0.9986225902777778 0.27155963194444444 0.8415977962962963 0.3266055046296297 0.6157024791666666 0.32293578009259255 0.6046831944444444 0.28990825694444444 0.6101928379629629 0.2678899074074074 0.6046831944444444 0.2385321111111111 0.6046831944444444 0.22752293518518518 0.6101928379629629 0.21284403703703703 0.6294765833333332 0.13761467824074075 0.8801652893518518 0.1229357800925926 0.9104683194444445 0.11926605555555556 0.9393939398148148 0.12660550462962963 0.9421487592592592 0.1229357800925926 0.9476584027777778 0.13027522916666667 0.9559228657407408
0 0.12660550462962963 0.7603305787037037 0.2 0.5151515162037037 0.16697247685185185 0.5110192847222222 0.0018348634259259258 0.5137741041666667 0 0.9986225902777778 0.04220183564814815 0.9986225902777778 0.053211009259259257 0.9834710740740741 0.12660550462962963 0.7603305787037037
0 0.4 0.6900826435185186 0.39633027546296296 0.6776859513888889 0.40733944907407404 0.6763085393518518 0.40366972453703703 0.6652892569444445 0.38348623842592594 0.659779613425926 0.37981651388888893 0.6528925624999999 0.39082568749999996 0.6391184583333334 0.4784228587962963 0.6081004351851852 0.4752293587962963 0.6033057847222223 0.40366972453703703 0.6074380162037037 0.3596330277777778 0.6046831944444444 0.34495412731481484 0.6129476574074074 0.3376146782407407 0.608815425925926 0.3266055046296297 0.6198347106481482 0.3045871550925926 0.7190082638888888 0.3027522939814815 0.7548209375 0.29357798148148145 0.7699724513888889 0.28990825694444444 0.8112947662037037 0.28256880787037036 0.8195592291666666 0.2770642199074074 0.8663911851851852 0.2660550462962963 0.8925619837962963 0.26422018287037036 0.9283746550925926 0.25137614583333334 0.9614325069444445 0.24954128472222223 0.9944903587962963 0.2568807337962963 0.9986225902777778 0.34678899074074077 0.9972451782407407 0.37798165046296295 0.7947658402777777 0.39082568749999996 0.7575757569444443 0.4 0.6900826435185186
0 0.3669724768518518 0.9476584027777778 0.37431192592592594 0.9476584027777778 0.3669724768518518 0.9559228657407408 0.37431192592592594 0.9628099166666666 0.3633027523148148 0.9752066111111112 0.3724770648148148 0.9820936643518517 0.3633027523148148 0.9848484837962963 0.37431192592592594 0.9862258958333333 0.3706422013888889 0.9738292013888888 0.38715596296296295 0.9738292013888888 0.40366972453703703 0.9986225902777778 0.42018348611111106 0.9986225902777778 0.42018348611111106 0.9710743796296297 0.4311926597222222 0.9504132222222222 0.42568807407407405 0.9421487592592592 0.4311926597222222 0.9366391180555556 0.4275229351851852 0.9283746550925926 0.4385321111111111 0.855371900462963 0.4458715601851852 0.840220386574074 0.4440366967592593 0.8195592291666666 0.4532110092592593 0.7892561990740741 0.4733944953703703 0.7603305787037037 0.49724770601851853 0.7396694212962963 0.5229357800925926 0.7245179074074074 0.5559633032407407 0.7162534444444445 0.5541284398148149 0.712121212962963 0.48990825694444445 0.7093663912037037 0.4605504583333333 0.7148760324074074 0.4532110092592593 0.70385675 0.42568807407407405 0.7231404953703704 0.3981651365740741 0.7685950416666666 0.3688073402777778 0.9132231412037037 0.3669724768518518 0.9338842986111111 0.37614678935185186 0.9421487592592592 0.3669724768518518 0.9435261712962962 0.3669724768518518 0.9476584027777778
0 0.2165137615740741 0.25757575694444446 0.2201834861111111 0.2754820925925926 0.23302752314814815 0.27961432407407405 0.3376146782407407 0.2754820925925926 0.5596330277777778 0.25757575694444446 0.594495412037037 0.2506887060185185 0.6165137615740741 0.25344352546296295 0.6275229351851851 0.24931129398148147 0.7504587152777779 0.24242424305555554 0.8568807337962964 0.22589531712962962 0.9027522939814815 0.21349862268518519 0.9431192662037037 0.2148760324074074 0.9522935787037037 0.22176308564814814 0.9761467893518518 0.22038567592592595 0.998165136574074 0.2107438009259259 0.998165136574074 0.0964187337962963 0.9724770648148149 0.09228650231481482 0.9596330277777777 0.0964187337962963 0.8788990833333332 0.09779614351851852 0.8293577986111111 0.10468319444444445 0.8201834861111111 0.11019283796296298 0.8073394490740741 0.10606060648148148 0.803669724537037 0.11019283796296298 0.7541284398148148 0.11157024768518518 0.7486238541666667 0.1170798888888889 0.7082568796296296 0.1170798888888889 0.6825688078703704 0.12396694212962964 0.583486238425926 0.1322314050925926 0.5706422013888889 0.1377410462962963 0.5431192662037037 0.13636363657407408 0.35779816435185186 0.1584022037037037 0.34862385416666664 0.15564738194444447 0.3302752291666667 0.16666666666666666 0.28073394444444444 0.16666666666666666 0.26055045833333335 0.21625344444444444 0.24403669675925924 0.20247933796296297 0.24220183564814815 0.22038567592592595 0.22935779861111114 0.23691459953703703 0.23302752314814815 0.24104683101851854 0.2165137615740741 0.25757575694444446
1 0.46788990740740743 0.669421488425926 0.48073394444444445 0.6818181828703703 0.5100917430555556 0.6735537199074074 0.7211009166666668 0.6763085393518518 0.7247706412037037 0.6680440763888889 0.7339449537037036 0.6763085393518518 0.7412844027777779 0.6749311296296296 0.7266055046296296 0.6652892569444445 0.7266055046296296 0.6584022037037037 0.7174311921296296 0.6625344351851852 0.6899082569444445 0.6584022037037037 0.5100917430555556 0.6584022037037037 0.44220183564814813 0.6501377407407408 0.3981651365740741 0.6542699722222223 0.39449541203703703 0.6570247939814815 0.4 0.6639118449074074 0.42018348611111106 0.669421488425926 0.46788990740740743 0.669421488425926
1 0.7816513749999999 0.6652892569444445 0.7651376157407407 0.6749311296296296 0.8935779814814815 0.6749311296296296 0.8862385324074075 0.6666666666666666 0.7816513749999999 0.6652892569444445
1 0.4110091736111111 0.6570247939814815 0.4055045879629629 0.659779613425926 0.4110091736111111 0.6652892569444445 0.4403669722222222 0.6652892569444445 0.4311926597222222 0.6584022037037037 0.4238532106481482 0.6625344351851852 0.4110091736111111 0.6570247939814815
1 0.4733944953703703 0.6625344351851852 0.46788990740740743 0.6570247939814815 0.4458715601851852 0.6584022037037037 0.4403669722222222 0.6652892569444445 0.4605504583333333 0.6652892569444445 0.48073394444444445 0.6845730023148149 0.5192660555555556 0.6790633611111111 0.5376146782407407 0.6707988981481482 0.5284403680555555 0.6652892569444445 0.4733944953703703 0.6625344351851852
1 0.35779816435185186 0.43663911805555555 0.32844036805555554 0.4586776851851852 0.3302752291666667 0.4710743796296296 0.3412844027777778 0.47658402314814813 0.3394495416666667 0.4903581273148148 0.4238532106481482 0.4876033055555556 0.4697247708333333 0.4931129467592592 0.5119266064814815 0.4848484837962963 0.5229357800925926 0.4931129467592592 0.5192660555555556 0.49724517824074077 0.5266055046296296 0.49449035879629627 0.5321100925925926 0.4986225902777778 0.5339449537037037 0.4779614328703704 0.5394495416666667 0.4752066111111111 0.5706422013888889 0.4724517916666667 0.5853211018518518 0.47658402314814813 0.5871559629629629 0.4848484837962963 0.5798165138888889 0.4903581273148148 0.594495412037037 0.4931129467592592 0.622018349537037 0.4738292013888889 0.6330275231481481 0.4779614328703704 0.6348623842592593 0.4876033055555556 0.6477064212962963 0.4807162523148148 0.6495412847222222 0.4876033055555556 0.6605504583333334 0.4793388425925926 0.6642201828703704 0.48209366435185186 0.6733944953703704 0.4779614328703704 0.6880733935185185 0.483471074074074 0.7027522939814815 0.4779614328703704 0.7064220185185185 0.4807162523148148 0.7155963310185185 0.4724517916666667 0.7431192662037036 0.4696969699074074 0.7669724768518519 0.47658402314814813 0.788990826388889 0.4683195601851852 0.8073394490740741 0.4696969699074074 0.8238532106481481 0.4779614328703704 0.8275229351851853 0.4724517916666667 0.8385321111111111 0.47658402314814813 0.8440366967592593 0.4696969699074074 0.8788990833333332 0.4752066111111111 0.8899082569444444 0.46694214814814816 0.9027522939814815 0.4655647384259259 0.9192660555555555 0.4655647384259259 0.9211009166666666 0.4738292013888889 0.9266055046296297 0.4683195601851852 0.9522935787037037 0.4683195601851852 0.9559633032407407 0.4724517916666667 0.9577981643518518 0.4641873287037037 0.9798165138888889 0.4655647384259259 0.998165136574074 0.4559228657407407 0.9944954120370371 0.3181818171296296 0.9541284398148149 0.3195592291666667 0.9449541273148149 0.3126721759259259 0.9266055046296297 0.31404958564814817 0.9211009166666666 0.30853994444444444 0.9100917430555555 0.3168044074074074 0.9045871550925926 0.3126721759259259 0.9009174305555555 0.3195592291666667 0.8844036689814815 0.3195592291666667 0.8807339444444444 0.3154269976851852 0.8752293587962963 0.3195592291666667 0.8623853217592592 0.31404958564814817 0.8587155972222222 0.3195592291666667 0.8477064212962964 0.3126721759259259 0.8477064212962964 0.3195592291666667 0.8403669722222221 0.31404958564814817 0.8330275231481481 0.3195592291666667 0.8238532106481481 0.3099173564814815 0.8146788981481481 0.32369146064814813 0.8091743125 0.3181818171296296 0.787155962962963 0.32369146064814813 0.7816513749999999 0.3195592291666667 0.7743119259259259 0.3264462800925926 0.7541284398148148 0.32369146064814813 0.7467889907407407 0.32782369212962964 0.7394495416666667 0.32369146064814813 0.7302752291666667 0.32920110185185186 0.7082568796296296 0.32782369212962964 0.7082568796296296 0.3319559236111111 0.6752293587962962 0.32920110185185186 0.6605504583333334 0.3333333333333333 0.6532110092592593 0.3264462800925926 0.6330275231481481 0.33608815509259254 0.6293577986111111 0.3305785115740741 0.592660550925926 0.33608815509259254 0.5871559629629629 0.3333333333333333 0.574311925925926 0.3415977962962963 0.5633027523148149 0.33608815509259254 0.5357798171296296 0.33884297453703704 0.5284403680555555 0.3471074375 0.5211009166666667 0.3415977962962963 0.5155963310185185 0.3526170810185185 0.5064220185185185 0.35537190046296296 0.5064220185185185 0.3622589537037037 0.49357798148148146 0.3719008263888889 0.4788990833333333 0.37327823611111116 0.45871559722222227 0.36639118518518515 0.4330275231481482 0.37052341666666666 0.41834862500000003 0.3636363634259259 0.4110091736111111 0.3691460046296296 0.40366972453703703 0.36639118518518515 0.40733944907407404 0.36088154166666664 0.38715596296296295 0.35812672222222225 0.38532110185185187 0.34848484953703707 0.37614678935185186 0.34848484953703707 0.3724770648148148 0.3622589537037037 0.3651376157407408 0.3622589537037037 0.35779816435185186 0.35123966898148146 0.3412844027777778 0.35399449074074074 0.3412844027777778 0.3622589537037037 0.3504587152777778 0.36776859490740743 0.3412844027777778 0.3774104675925926 0.35779816435185186 0.43663911805555555
1 0.805504587962963 0.5082644629629629 0.811009173611111 0.5041322314814815 0.8366972476851852 0.5068870532407408 0.8477064212962964 0.5 0.8697247708333333 0.4986225902777778 0.8752293587962963 0.49173553703703704 0.8880733935185186 0.4931129467592592 0.8935779814814815 0.48898071527777776 0.9009174305555555 0.49449035879629627 0.9064220185185186 0.48898071527777776 0.9266055046296297 0.4876033055555556 0.9321100925925926 0.49173553703703704 0.9449541273148149 0.4848484837962963 0.9596330277777777 0.48622589583333337 0.9688073402777777 0.49724517824074077 0.9761467893518518 0.4876033055555556 0.9944954120370371 0.4848484837962963 0.998165136574074 0.4655647384259259 0.983486238425926 0.4600550972222222 0.9669724768518518 0.46694214814814816 0.7119266064814815 0.4738292013888889 0.7100917430555556 0.4793388425925926 0.7412844027777779 0.5013774097222222 0.7688073402777778 0.5082644629629629 0.805504587962963 0.5082644629629629
1 0.592660550925926 0.4848484837962963 0.6422018356481481 0.48209366435185186 0.6495412847222222 0.47658402314814813 0.5688073402777778 0.4724517916666667 0.5211009166666667 0.4779614328703704 0.5137614675925926 0.4876033055555556 0.5027522939814815 0.4793388425925926 0.5009174305555556 0.483471074074074 0.5192660555555556 0.4903581273148148 0.5522935787037037 0.4931129467592592 0.592660550925926 0.4848484837962963
1 0.20366972453703702 0.6253443518518518 0.21284403703703703 0.6225895324074074 0.22752293518518518 0.6005509652777777 0.24403669675925924 0.5881542708333334 0.25137614583333334 0.5881542708333334 0.2550458726851852 0.5798898078703704 0.2954128449074074 0.5509641875 0.34495412731481484 0.5289256203703704 0.4018348634259259 0.5151515162037037 0.4 0.5082644629629629 0.3688073402777778 0.5041322314814815 0.35596330324074077 0.5082644629629629 0.29357798148148145 0.5068870532407408 0.22385321064814814 0.5137741041666667 0.20917431250000001 0.5247933888888889 0.19633027546296297 0.559228650462963 0.20183486342592594 0.5633608819444444 0.20917431250000001 0.5606060601851852 0.218348625 0.5688705231481482 0.21467889814814814 0.5826446273148148 0.20917431250000001 0.5867768587962963 0.20366972453703702 0.5812672175925926 0.20183486342592594 0.5867768587962963 0.19449541203703705 0.5826446273148148 0.19082568749999998 0.5895316805555555 0.2 0.5964187337962963 0.1889908263888889 0.601928375 0.1889908263888889 0.608815425925926 0.20183486342592594 0.6239669421296297 0.19449541203703705 0.6253443518518518 0.19082568749999998 0.6198347106481482 0.1798165138888889 0.6267217638888889 0.181651375 0.644628099537037 0.2 0.6267217638888889 0.20550458796296295 0.6322314050925926 0.20366972453703702 0.6253443518518518
1 0.4660550462962963 0.5964187337962963 0.5284403680555555 0.6005509652777777 0.6605504583333334 0.5964187337962963 0.6715596319444445 0.601928375 0.6715596319444445 0.608815425925926 0.6733944953703704 0.6033057847222223 0.6844036689814814 0.6101928379629629 0.7192660555555556 0.6074380162037037 0.7247706412037037 0.6129476574074074 0.7321100925925926 0.6060606064814814 0.7376146782407408 0.6101928379629629 0.7486238541666667 0.6074380162037037 0.7541284398148148 0.6129476574074074 0.7614678888888889 0.6074380162037037 0.7669724768518519 0.6115702476851852 0.787155962962963 0.608815425925926 0.796330275462963 0.6157024791666666 0.7926605509259259 0.6101928379629629 0.8 0.608815425925926 0.7908256875 0.6033057847222223 0.812844037037037 0.5964187337962963 0.8201834861111111 0.5991735532407408 0.8238532106481481 0.6101928379629629 0.8458715601851852 0.6115702476851852 0.8385321111111111 0.5991735532407408 0.8422018356481481 0.5964187337962963 0.8532110092592592 0.601928375 0.8587155972222222 0.5991735532407408 0.8623853217592592 0.6115702476851852 0.8917431203703704 0.608815425925926 0.9064220185185186 0.6143250694444445 0.9100917430555555 0.6101928379629629 0.9321100925925926 0.6129476574074074 0.9412844027777778 0.608815425925926 0.9614678888888889 0.6129476574074074 0.9669724768518518 0.608815425925926 0.9761467893518518 0.6115702476851852 0.9963302754629629 0.6074380162037037 0.998165136574074 0.5316804398148148 0.9908256875 0.5151515162037037 0.981651375 0.5289256203703704 0.9871559629629629 0.5344352615740741 0.981651375 0.5371900833333333 0.9651376157407408 0.5358126712962963 0.9651376157407408 0.5289256203703704 0.9541284398148149 0.5316804398148148 0.9486238541666666 0.5220385671296296 0.9302752291666666 0.5289256203703704 0.9100917430555555 0.5289256203703704 0.9064220185185186 0.5220385671296296 0.9009174305555555 0.5275482083333333 0.8825688078703704 0.526170798611111 0.8623853217592592 0.5371900833333333 0.8513761458333333 0.5206611574074075 0.811009173611111 0.5289256203703704 0.8018348634259259 0.5275482083333333 0.7926605509259259 0.5179063356481481 0.7743119259259259 0.5234159768518518 0.7651376157407407 0.5179063356481481 0.7614678888888889 0.5220385671296296 0.7522935787037037 0.5206611574074075 0.7522935787037037 0.5275482083333333 0.7449541273148148 0.5303030300925926 0.7302752291666667 0.5179063356481481 0.7119266064814815 0.5151515162037037 0.7045871550925925 0.5192837476851851 0.6715596319444445 0.5165289259259259 0.6605504583333334 0.5220385671296296 0.6550458726851852 0.5179063356481481 0.6091743125 0.5206611574074075 0.5761467893518518 0.5165289259259259 0.5119266064814815 0.5206611574074075 0.48990825694444445 0.5179063356481481 0.4477064212962963 0.5234159768518518 0.4348623842592592 0.5192837476851851 0.38348623842592594 0.5206611574074075 0.3541284398148148 0.5247933888888889 0.31376146759259255 0.5385674930555555 0.31009174305555554 0.5454545462962963 0.28990825694444444 0.5537190092592593 0.2477064212962963 0.5840220393518518 0.24403669675925924 0.5991735532407408 0.4055045879629629 0.5964187337962963 0.42018348611111106 0.6005509652777777 0.4660550462962963 0.5964187337962963
1 0.4660550462962963 0.6542699722222223 0.48440366898148146 0.6570247939814815 0.48990825694444445 0.6625344351851852 0.5247706412037038 0.6625344351851852 0.5394495416666667 0.6680440763888889 0.5596330277777778 0.6639118449074074 0.5761467893518518 0.669421488425926 0.598165136574074 0.6639118449074074 0.601834863425926 0.6680440763888889 0.618348625 0.6652892569444445 0.6311926597222223 0.6721763078703703 0.6458715601851851 0.6666666666666666 0.6513761458333334 0.6707988981481482 0.6935779814814815 0.669421488425926 0.7119266064814815 0.6735537199074074 0.7192660555555556 0.669421488425926 0.7266055046296296 0.6735537199074074 0.7412844027777779 0.6680440763888889 0.7394495416666667 0.6611570254629631 0.7467889907407407 0.6611570254629631 0.7486238541666667 0.6556473819444444 0.7651376157407407 0.6625344351851852 0.7724770648148147 0.6735537199074074 0.7816513749999999 0.669421488425926 0.8477064212962964 0.6735537199074074 0.8862385324074075 0.669421488425926 0.8935779814814815 0.6749311296296296 0.8972477060185186 0.6707988981481482 0.9321100925925926 0.6666666666666666 0.9357798171296297 0.6776859513888889 0.9522935787037037 0.6735537199074074 0.9633027523148149 0.6776859513888889 0.9761467893518518 0.6721763078703703 0.983486238425926 0.6721763078703703 0.9871559629629629 0.6790633611111111 0.998165136574074 0.6749311296296296 0.992660550925926 0.6253443518518518 0.9724770648148149 0.6198347106481482 0.49357798148148146 0.6115702476851852 0.4293577986111111 0.6267217638888889 0.4 0.6418732777777778 0.40366972453703703 0.6542699722222223 0.4330275231481482 0.6501377407407408 0.4477064212962963 0.6584022037037037 0.4660550462962963 0.6542699722222223
1 0.09357798148148148 0.45316804398148147 0.1045871550925926 0.4559228657407407 0.11192660648148148 0.44490358101851857 0.12110091666666667 0.4490358125 0.11743119212962963 0.45454545370370375 0.12477064120370371 0.45179063425925925 0.1321100925925926 0.4600550972222222 0.14678899074074073 0.457300275462963 0.15045871527777777 0.4738292013888889 0.16146788888888888 0.4696969699074074 0.1688073402777778 0.4738292013888889 0.16330275231481484 0.4807162523148148 0.17431192592592593 0.4848484837962963 0.1889908263888889 0.4490358125 0.20917431250000001 0.4490358125 0.19816513657407406 0.440771349537037 0.19633027546296297 0.42975206712962966 0.2073394490740741 0.41735537268518513 0.20550458796296295 0.3884297523148148 0.1889908263888889 0.3939393935185185 0.17798165046296296 0.3884297523148148 0.17431192592592593 0.39531680555555554 0.1688073402777778 0.3911845740740741 0.15596330324074076 0.3966942152777778 0.1541284398148148 0.40082644675925927 0.16330275231481484 0.3966942152777778 0.1706422013888889 0.406336087962963 0.16697247685185185 0.4146005509259259 0.15779816435185184 0.4159779606481482 0.15779816435185184 0.4311294768518518 0.13944954166666668 0.4283746550925926 0.13027522916666667 0.41046831944444445 0.11559633101851852 0.41046831944444445 0.10275229398148147 0.42286501388888886 0.08073394444444444 0.4311294768518518 0.09541284490740741 0.44490358101851857 0.09357798148148148 0.45316804398148147
1 0.5412844027777778 0.7176308541666666 0.605504587962963 0.7148760324074074 0.618348625 0.7190082638888888 0.6458715601851851 0.7162534444444445 0.7009174305555556 0.7217630856481482 0.7192660555555556 0.7176308541666666 0.779816513888889 0.7231404953703704 0.8513761458333333 0.7190082638888888 0.8513761458333333 0.7231404953703704 0.8715596319444444 0.7245179074074074 0.8972477060185186 0.7217630856481482 0.9211009166666666 0.7314049583333334 0.9247706412037038 0.7272727268518518 0.9339449537037038 0.738292011574074 0.9394495416666666 0.7286501388888889 0.9651376157407408 0.7245179074074074 0.9798165138888889 0.7272727268518518 0.9908256875 0.738292011574074 0.998165136574074 0.7341597800925925 0.998165136574074 0.687327824074074 0.9761467893518518 0.6831955925925925 0.9339449537037038 0.6818181828703703 0.9174311921296295 0.687327824074074 0.8990825694444444 0.6790633611111111 0.7284403680555556 0.6735537199074074 0.6550458726851852 0.6763085393518518 0.5431192662037037 0.669421488425926 0.49908256944444446 0.6763085393518518 0.4568807337962963 0.6969696967592592 0.45137614583333335 0.7024793379629629 0.45504587268518515 0.7093663912037037 0.5394495416666667 0.7107438009259259 0.5412844027777778 0.7176308541666666
1 0.218348625 0.44490358101851857 0.22568807407407407 0.45316804398148147 0.2165137615740741 0.46280991666666665 0.22752293518518518 0.46280991666666665 0.22935779861111114 0.46694214814814816 0.20550458796296295 0.4724517916666667 0.20917431250000001 0.4779614328703704 0.21467889814814814 0.47658402314814813 0.21467889814814814 0.483471074074074 0.23302752314814815 0.48898071527777776 0.2587155972222222 0.48622589583333337 0.26422018287037036 0.4903581273148148 0.2880733935185185 0.4848484837962963 0.29357798148148145 0.4476584027777778 0.28623853240740743 0.43250688657407405 0.2770642199074074 0.42699724537037037 0.26422018287037036 0.4311294768518518 0.26238532175925927 0.42424242361111114 0.2752293587962963 0.4146005509259259 0.27339449537037036 0.40909090972222223 0.28623853240740743 0.406336087962963 0.2844036689814815 0.3842975208333333 0.28990825694444444 0.3760330578703704 0.28073394444444444 0.3760330578703704 0.26238532175925927 0.3939393935185185 0.26238532175925927 0.4022038564814815 0.2477064212962963 0.4035812662037037 0.24036697222222222 0.4146005509259259 0.218348625 0.41735537268518513 0.22568807407407407 0.42424242361111114 0.218348625 0.43250688657407405 0.22935779861111114 0.440771349537037 0.218348625 0.44490358101851857