1 0.38596491203703703 0.7425742569444445 0.4239766087962963 0.7557755787037037 0.453216375 0.745874587962963 0.4590643263888889 0.7656765671296296 0.4239766087962963 0.801980199074074 0.3713450300925926 0.8118811874999999 0.3888888888888889 0.8415841574074073 0.38596491203703703 0.8514851481481481 0.3742690069444445 0.8514851481481481 0.3713450300925926 0.8415841574074073 0.33040935648148145 0.8943894398148148 0.3099415208333333 0.8811881180555555 0.3128654976851852 0.8910891087962963 0.3011695902777778 0.9009900995370371 0.28070175462962965 0.8976897685185186 0.23684210416666665 0.9207920787037037 0.160818712962963 0.9372937291666666 0.15789473611111113 0.9471947199074073 0.1812865486111111 0.9471947199074073 0.21052631481481482 0.9735973587962964 0.23684210416666665 0.9768976898148148 0.25146198842592593 0.9966996689814814 0.7192982453703705 0.9966996689814814 0.7280701759259259 0.9834983495370371 0.7368421041666666 0.9867986805555555 0.7192982453703705 0.9735973587962964 0.6783625740740741 0.8877887777777778 0.6491228078703704 0.8580858078703704 0.6140350879629629 0.7887788773148148 0.587719298611111 0.7755775578703704 0.5818713449074074 0.7524752476851851 0.5935672523148148 0.745874587962963 0.5847953217592592 0.7326732662037038 0.4912280694444444 0.7095709560185185 0.47953216435185186 0.7095709560185185 0.43567251388888883 0.7293729375 0.4005847962962963 0.7293729375 0.40643274768518517 0.7425742569444445 0.38596491203703703 0.7425742569444445
1 0.4590643263888889 0.745874587962963 0.4912280694444444 0.7491749166666667 0.4853801180555556 0.7656765671296296 0.4473684212962963 0.7887788773148148 0.42690058564814815 0.8184818472222223 0.4122807013888889 0.8184818472222223 0.4122807013888889 0.801980199074074 0.3947368425925926 0.8151815185185185 0.4035087708333333 0.8217821782407407 0.4035087708333333 0.8514851481481481 0.35964912268518523 0.8646864675925926 0.35964912268518523 0.8811881180555555 0.3333333333333333 0.8910891087962963 0.3099415208333333 0.8811881180555555 0.3099415208333333 0.8943894398148148 0.27192982407407407 0.8976897685185186 0.2280701759259259 0.9207920787037037 0.14035087731481483 0.9306930694444445 0.1286549699074074 0.9405940601851852 0.0994152037037037 0.9438943888888889 0.0994152037037037 0.9306930694444445 0.06432748611111111 0.9372937291666666 0.04385964814814815 0.927392738425926 0.029239766203703704 0.9339934004629629 0.026315789351851852 0.9471947199074073 0.03801169675925926 0.9471947199074073 0.07017543749999999 0.9768976898148148 0.10818713425925927 0.9768976898148148 0.12280701851851852 0.9900990092592593 0.11695906481481481 0.9966996689814814 0.7368421041666666 0.9966996689814814 0.7368421041666666 0.9834983495370371 0.7134502916666667 0.966996699074074 0.6988304097222223 0.9306930694444445 0.6228070185185186 0.8646864675925926 0.6403508773148148 0.8580858078703704 0.6228070185185186 0.8382838287037038 0.6315789467592593 0.828382837962963 0.6286549699074074 0.8151815185185185 0.6081871342592593 0.8118811874999999 0.5964912291666666 0.7854785486111111 0.5584795324074074 0.7986798680555555 0.5555555555555556 0.7920792083333333 0.5497076018518519 0.801980199074074 0.5584795324074074 0.8085808587962964 0.5409356736111112 0.8118811874999999 0.5526315787037037 0.8184818472222223 0.5643274861111112 0.801980199074074 0.5701754375 0.8184818472222223 0.5935672523148148 0.8217821782407407 0.5964912291666666 0.8382838287037038 0.5818713449074074 0.8448844884259259 0.5818713449074074 0.8580858078703704 0.5847953217592592 0.8712871296296297 0.6023391805555556 0.8745874583333333 0.5964912291666666 0.8844884490740741 0.5730994143518519 0.8844884490740741 0.5584795324074074 0.8679867986111112 0.5409356736111112 0.8679867986111112 0.546783625 0.8778877893518519 0.5321637430555556 0.8877887777777778 0.5146198819444444 0.8778877893518519 0.5146198819444444 0.8613861388888888 0.4941520462962963 0.8580858078703704 0.5 0.8448844884259259 0.5146198819444444 0.8448844884259259 0.5146198819444444 0.8151815185185185 0.5058479537037037 0.8217821782407407 0.4941520462962963 0.8085808587962964 0.5058479537037037 0.801980199074074 0.49707602314814814 0.7920792083333333 0.5116959074074073 0.7887788773148148 0.5146198819444444 0.801980199074074 0.5263157893518519 0.801980199074074 0.5204678356481481 0.7920792083333333 0.5350877199074074 0.7887788773148148 0.5409356736111112 0.7722772268518519 0.5350877199074074 0.778877888888889 0.5321637430555556 0.7689768981481481 0.5321637430555556 0.7854785486111111 0.5263157893518519 0.778877888888889 0.5321637430555556 0.7557755787037037 0.5555555555555556 0.745874587962963 0.5614035092592593 0.7557755787037037 0.5526315787037037 0.7590759074074074 0.5730994143518519 0.7590759074074074 0.5760233912037037 0.7392739282407407 0.5701754375 0.7293729375 0.5438596481481481 0.7293729375 0.5380116967592593 0.7425742569444445 0.5292397662037037 0.7293729375 0.47953216435185186 0.7161716180555556 0.47368421064814814 0.7161716180555556 0.453216375 0.7293729375 0.41812865509259256 0.7326732662037038 0.453216375 0.7326732662037038 0.4590643263888889 0.745874587962963
1 0.5321637430555556 0.3432343240740741 0.5497076018518519 0.3300330023148148 0.5730994143518519 0.3300330023148148 0.5555555555555556 0.29702970370370374 0.5409356736111112 0.29702970370370374 0.5263157893518519 0.31683168287037033 0.49707602314814814 0.32343234259259257 0.5233918125 0.32673267361111114 0.5321637430555556 0.3432343240740741
1 0.5380116967592593 0.6897689768518518 0.5497076018518519 0.5775577546296297 0.5292397662037037 0.5775577546296297 0.5 0.6798679861111111 0.5116959074074073 0.7029702962962964 0.5292397662037037 0.7029702962962964 0.5380116967592593 0.6897689768518518
1 0.5584795324074074 0.6270627060185185 0.5701754375 0.6237623773148149 0.5643274861111112 0.6468646874999999 0.5789473680555556 0.6633663356481482 0.5701754375 0.6666666666666666 0.5789473680555556 0.696369636574074 0.6228070185185186 0.6897689768518518 0.6461988310185185 0.7095709560185185 0.6900584791666666 0.696369636574074 0.7105263148148148 0.7095709560185185 0.7368421041666666 0.6897689768518518 0.7485380115740741 0.6930693078703704 0.7573099421296297 0.7128712870370371 0.7719298240740741 0.6996699675925926 0.7953216365740742 0.7095709560185185 0.8333333333333334 0.7029702962962964 0.8508771921296296 0.7128712870370371 0.8742690069444444 0.7029702962962964 0.9035087708333334 0.7128712870370371 0.926900585648148 0.7029702962962964 0.9181286550925926 0.6831683171296297 0.9239766087962963 0.6666666666666666 0.9093567245370371 0.6633663356481482 0.9181286550925926 0.6039603958333333 0.587719298611111 0.5808580856481481 0.5847953217592592 0.5775577546296297 0.5614035092592593 0.5808580856481481 0.5555555555555556 0.613861386574074 0.5555555555555556 0.6435643564814816 0.5584795324074074 0.6270627060185185
1 0.20175438657407407 0.6765676574074073 0.4883040925925926 0.6864686458333333 0.5204678356481481 0.5907590763888889 0.5058479537037037 0.5907590763888889 0.4883040925925926 0.6006600671296296 0.4883040925925926 0.613861386574074 0.4766081875 0.613861386574074 0.4590643263888889 0.5907590763888889 0.4883040925925926 0.5874587453703703 0.4912280694444444 0.5742574259259259 0.17543859722222221 0.5478547847222223 0.09649122916666666 0.5478547847222223 0.09356725231481482 0.5643564351851852 0.0760233912037037 0.557755775462963 0.0760233912037037 0.5742574259259259 0.05847953240740741 0.5775577546296297 0.04970760185185185 0.5676567662037036 0.052631578703703705 0.5544554444444445 0.046783625 0.5643564351851852 0.026315789351851852 0.557755775462963 0.04093567361111111 0.541254125 0.026315789351851852 0.5511551157407407 0.008771930555555555 0.541254125 0.005847953703703703 0.541254125 0.005847953703703703 0.673267326388889 0.06725146296296296 0.6600660069444444 0.14035087731481483 0.6600660069444444 0.20175438657407407 0.6765676574074073
1 0.5409356736111112 0.541254125 0.5233918125 0.5346534652777778 0.5204678356481481 0.5313531342592592 0.5029239768518519 0.5445544560185185 0.5 0.5610561064814815 0.5292397662037037 0.5643564351851852 0.5409356736111112 0.541254125
1 0.49707602314814814 0.32343234259259257 0.5263157893518519 0.3366336643518519 0.5321637430555556 0.3729372939814815 0.5175438587962963 0.541254125 0.5058479537037037 0.5544554444444445 0.5204678356481481 0.5643564351851852 0.5409356736111112 0.5478547847222223 0.5380116967592593 0.49504950462962966 0.5701754375 0.3729372939814815 0.5614035092592593 0.3465346527777778 0.5730994143518519 0.3333333333333333 0.5760233912037037 0.22772277314814815 0.5906432754629629 0.17821782175925927 0.5818713449074074 0.13861386111111113 0.5526315787037037 0.13861386111111113 0.5497076018518519 0.1353135324074074 0.546783625 0.2442244212962963 0.5292397662037037 0.2706270625 0.5292397662037037 0.31023102314814816 0.49707602314814814 0.32343234259259257
1 0.5847953217592592 0 0.5818713449074074 0.02970296990740741 0.5906432754629629 0.023102310185185184 0.5935672523148148 0.03630362962962963 0.5818713449074074 0.04290428935185185 0.5701754375 0.09570957175925926 0.5409356736111112 0.12541254166666668 0.46198830324074075 0.14851485185185187 0.4678362569444445 0.1584158425925926 0.49707602314814814 0.1584158425925926 0.4941520462962963 0.23432343287037036 0.5146198819444444 0.23102310185185185 0.5233918125 0.1650165023148148 0.546783625 0.1650165023148148 0.5380116967592593 0.22772277314814815 0.546783625 0.25412541203703704 0.5292397662037037 0.2706270625 0.5292397662037037 0.3201320138888889 0.5380116967592593 0.32343234259259257 0.5233918125 0.3333333333333333 0.5380116967592593 0.35313531249999996 0.5321637430555556 0.44554455555555555 0.5438596481481481 0.44554455555555555 0.5584795324074074 0.40924092361111114 0.5643274861111112 0.3663366342592593 0.5555555555555556 0.3465346527777778 0.5730994143518519 0.32673267361111114 0.5701754375 0.2937293726851852 0.5789473680555556 0.28052805324074076 0.5760233912037037 0.25412541203703704 0.5935672523148148 0.1650165023148148 0.6315789467592593 0.15511551157407408 0.6549707592592592 0.17161716203703706 0.684210525462963 0.15511551157407408 0.6754385972222222 0.12871287037037038 0.6286549699074074 0.1320132013888889 0.5847953217592592 0.09240924074074074 0.5818713449074074 0.05610561111111111 0.5964912291666666 0.05940593981481482 0.5994152037037037 0 0.5847953217592592 0
1 0.5643274861111112 0.6765676574074073 0.5555555555555556 0.673267326388889 0.5555555555555556 0.6864686458333333 0.5789473680555556 0.7029702962962964 0.6228070185185186 0.696369636574074 0.6432748541666667 0.7095709560185185 0.6812865486111112 0.6996699675925926 0.7134502916666667 0.7095709560185185 0.7368421041666666 0.6897689768518518 0.7543859652777778 0.7095709560185185 0.7836257314814815 0.7029702962962964 0.9415204675925927 0.7194719467592593 0.9590643263888888 0.6930693078703704 0.9736842106481481 0.6996699675925926 0.9649122800925926 0.7095709560185185 0.9824561412037036 0.7029702962962964 0.9707602337962963 0.6831683171296297 0.9970760231481482 0.6765676574074073 0.9970760231481482 0.613861386574074 0.9795321643518519 0.613861386574074 0.9795321643518519 0.6039603958333333 0.9444444444444444 0.6105610555555556 0.926900585648148 0.6006600671296296 0.5964912291666666 0.5775577546296297 0.5760233912037037 0.5775577546296297 0.5555555555555556 0.5775577546296297 0.5497076018518519 0.6633663356481482 0.5672514629629629 0.6666666666666666 0.5643274861111112 0.6765676574074073
0 0.49707602314814814 0.5511551157407407 0.5116959074074073 0.5280528055555556 0.5116959074074073 0.46534653472222226 0.5204678356481481 0.4554455439814815 0.5116959074074073 0.42574257407407406 0.2777777777777778 0.41254125462962965 0.20175438657407407 0.39933993287037034 0.1812865486111111 0.39933993287037034 0.1345029236111111 0.4158415833333333 0.11988304166666666 0.5346534652777778 0.5 0.5610561064814815 0.49707602314814814 0.5511551157407407
0 0.2923976597222222 0.40594059490740736 0.5175438587962963 0.4158415833333333 0.5263157893518519 0.4026402638888889 0.5233918125 0.39273927314814816 0.4941520462962963 0.3861386134259259 0.39181286574074076 0.3894389444444445 0.1812865486111111 0.3663366342592593 0.1637426898148148 0.3663366342592593 0.13742690046296296 0.36963696296296294 0.12573099305555557 0.3828382847222222 0.13157894675925924 0.39273927314814816 0.2923976597222222 0.40594059490740736
0 0.9941520462962963 0.41254125462962965 0.5730994143518519 0.39603960416666667 0.5701754375 0.39273927314814816 0.5701754375 0.4158415833333333 0.6315789467592593 0.42574257407407406 0.9970760231481482 0.43894389351851854 0.9941520462962963 0.41254125462962965
0 0.7192982453703705 0.27722772222222225 0.7368421041666666 0.28712871296296294 0.9561403518518519 0.28712871296296294 0.9561403518518519 0.2640264027777778 0.932748537037037 0.25742574305555554 0.5935672523148148 0.24752475231481483 0.5906432754629629 0.2442244212962963 0.5964912291666666 0.28382838194444443 0.6081871342592593 0.27722772222222225 0.6988304097222223 0.28712871296296294 0.7192982453703705 0.27722772222222225
0 0.5175438587962963 0.2739273935185185 0.5409356736111112 0.2442244212962963 0.2222222222222222 0.22442244212962964 0.2056520462962963 0.22442244212962964 0.16666666666666666 0.23102310185185185 0.18421052546296296 0.26072607175925927 0.4883040925925926 0.27722772222222225 0.5175438587962963 0.2739273935185185
0 0.684210525462963 0.10891089120370372 0.684210525462963 0.12211221064814815 0.7339181296296297 0.12211221064814815 0.736310474537037 0.12301230092592592 0.7339181296296297 0.11221122222222223 0.6871345023148149 0.11221122222222223 0.684210525462963 0.10891089120370372
0 0.7923976597222222 0.11221122222222223 0.7514619884259259 0.11221122222222223 0.7514619884259259 0.12541254166666668 0.7426900578703703 0.12541254166666668 0.7690058472222222 0.1353135324074074 0.7923976597222222 0.11221122222222223
0 0.9005847962962963 0.1353135324074074 0.9298245625 0.14521452083333333 0.9619883032407408 0.1353135324074074 0.9561403518518519 0.11881188194444443 0.9181286550925926 0.11551155092592592 0.9035087708333334 0.12541254166666668 0.8888888888888888 0.11551155092592592 0.8304093564814815 0.11221122222222223 0.8187134513888888 0.11221122222222223 0.8245614027777778 0.12211221064814815 0.8070175439814814 0.12541254166666668 0.8070175439814814 0.1353135324074074 0.9005847962962963 0.1353135324074074
0 0.27485380092592593 0.12541254166666668 0.3128654976851852 0.1353135324074074 0.5116959074074073 0.12871287037037038 0.5380116967592593 0.12211221064814815 0.546783625 0.10891089120370372 0.5292397662037037 0.09570957175925926 0.23684210416666665 0.08580858101851853 0.21052631481481482 0.08580858101851853 0.16666666666666666 0.10561056018518518 0.19005847916666666 0.12211221064814815 0.23684210416666665 0.1320132013888889 0.27485380092592593 0.12541254166666668