0 0.3287435462962963 0.30804597685185187 0.3631669537037037 0.33563218287037033 0.4268502592592593 0.35632183796296296 0.4647160069444445 0.36091953935185184 0.5456110162037037 0.34942528703703707 0.555938037037037 0.3586206898148148 0.5800344236111111 0.3586206898148148 0.5938037870370371 0.37241379398148144 0.6368330462962963 0.3678160925925926 0.6402753865740741 0.3586206898148148 0.6678141134259259 0.3655172407407407 0.8657487083333334 0.004597701388888889 0.10327022453703705 0 0.11703958796296296 0.03678160879629629 0.26678141203703704 0.2896551712962963 0.30636833101851857 0.31034482870370367 0.3287435462962963 0.30804597685185187
0 0.6678141134259259 0.556321837962963 0.672977625 0.5816091944444444 0.6678141134259259 0.5931034490740741 0.6850258171296296 0.6206896550925926 0.8020654050925926 0.5862068958333333 0.8175559375 0.5701149421296297 0.8674698796296296 0.5655172407407407 0.8760757314814815 0.5540229884259259 0.9328743541666666 0.5448275856481481 0.9638554212962963 0.5287356319444444 0.9982788287037038 0.5310344837962963 0.9982788287037038 0.013793104166666667 0.9931153194444445 0.006896550925925926 0.882960412037037 0.006896550925925926 0.7848537013888889 0.17701149537037036 0.7504302916666666 0.26436781712962965 0.7504302916666666 0.2850574722222222 0.7607573148148148 0.29655172453703704 0.7573149745370371 0.3172413796296296 0.7366609305555556 0.34482758564814814 0.7297762476851851 0.4252873564814815 0.7332185879629629 0.48505747222222223 0.7228915671296297 0.549425287037037 0.6919105 0.5701149421296297 0.678141136574074 0.5517241388888889 0.6798623055555555 0.48735632175925925 0.6660929421296297 0.4919540231481481 0.6660929421296297 0.5218390810185185 0.6764199652777777 0.5310344837962963 0.6764199652777777 0.5517241388888889 0.6678141134259259 0.556321837962963
1 0.7314974189814815 0.28275862037037036 0.7228915671296297 0.28735632175925924 0.7125645439814815 0.3172413796296296 0.7108433726851852 0.3632183912037037 0.7211703958333333 0.3655172407407407 0.7366609305555556 0.31034482870370367 0.7314974189814815 0.28275862037037036
1 0.7194492245370371 0.4666666666666667 0.7056798634259259 0.40459770138888884 0.6970740092592592 0.4114942523148148 0.6901893287037036 0.4367816087962963 0.6833046481481482 0.5471264375 0.6970740092592592 0.5586206898148148 0.7074010324074074 0.49655172453703705 0.7194492245370371 0.4666666666666667
0 0.29604130787037036 0.39540229861111115 0.29604130787037036 0.35632183796296296 0.2719449236111111 0.3333333333333333 0.26161790046296296 0.3011494259259259 0.22375215046296296 0.2413793101851852 0.21170395833333333 0.23448275925925927 0.21342512962962965 0.2275862060185185 0.0877796898148148 0.013793104166666667 0.0722891574074074 0.004597701388888889 0.0034423402777777777 0.006896550925925926 0 0.5471264375 0.3029259907407407 0.6206896550925926 0.31153184259259264 0.46206896527777774 0.29604130787037036 0.39540229861111115
1 0.3631669537037037 0.5816091944444444 0.3993115324074074 0.4574712638888889 0.4044750439814815 0.4137931041666667 0.4148020648148148 0.39310344907407413 0.35456110185185186 0.38160919444444447 0.33218588657407405 0.39310344907407413 0.3218588634259259 0.4160919537037037 0.32358003472222224 0.4804597708333333 0.3132530115740741 0.6206896550925926 0.3562822708333333 0.6298850578703704 0.3631669537037037 0.5816091944444444
1 0.5765920833333333 0.3655172407407407 0.5714285717592593 0.3747126435185186 0.5593803796296296 0.36091953935185184 0.5421686736111111 0.3586206898148148 0.5421686736111111 0.37011494212962964 0.5628227199074074 0.3793103449074074 0.5834767638888889 0.37241379398148144 0.5765920833333333 0.3655172407407407
1 0.3614457824074074 0.3770114953703704 0.4148020648148148 0.38390804629629627 0.4543889837962963 0.37011494212962964 0.4388984513888889 0.35632183796296296 0.3442340787037037 0.3264367824074074 0.3339070578703704 0.31264367824074074 0.3012048194444445 0.3172413796296296 0.2857142847222222 0.30804597685185187 0.2839931157407407 0.3172413796296296 0.29776247916666665 0.34482758564814814 0.3304647152777778 0.3862068958333333 0.3614457824074074 0.3770114953703704
0 0 0.9977011504629629 0.2753872638888889 0.9931034490740741 0.2822719444444444 0.6781609189814815 0.24268502546296297 0.6666666666666666 0.2375215138888889 0.6551724143518519 0.21514629861111112 0.6482758611111111 0.01032702314814815 0.6229885046296296 0 0.6229885046296296 0 0.9977011504629629
0 0 0.6137931041666667 0.018932875000000002 0.6206896550925926 0.2598967291666667 0.6528735625000001 0.3442340787037037 0.6482758611111111 0.3425129097222222 0.6367816087962963 0.327022375 0.6298850578703704 0.005163511574074075 0.5540229884259259 0 0.556321837962963 0 0.6137931041666667
1 0.44578313194444447 0.5632183912037038 0.4526678148148148 0.5655172407407407 0.4492254722222222 0.5908045972222222 0.4595524953703704 0.597701150462963 0.4543889837962963 0.6114942523148149 0.46299483564814814 0.6183908055555556 0.49569707407407404 0.6114942523148149 0.5387263333333333 0.6459770115740741 0.5473321851851852 0.6298850578703704 0.5576592083333334 0.5333333333333333 0.5593803796296296 0.43908046064814815 0.5542168680555556 0.4160919537037037 0.49053356249999996 0.4 0.4354561111111111 0.4 0.4199655763888889 0.42988505787037035 0.4199655763888889 0.5011494259259259 0.42857142824074074 0.5011494259259259 0.4526678148148148 0.5333333333333333 0.44578313194444447 0.5632183912037038
1 0.5955249560185185 0.9931034490740741 0.6144578310185186 0.9977011504629629 0.6092943194444445 0.9321839074074073 0.6161790023148148 0.8850574722222222 0.6179001712962964 0.754022988425926 0.6110154907407407 0.6896551712962963 0.6282271944444444 0.6735632175925926 0.6196213425925926 0.6758620694444445 0.6092943194444445 0.6643678171296296 0.6006884675925925 0.6160919537037037 0.607573150462963 0.4321839074074074 0.602409638888889 0.4229885046296296 0.5972461273148149 0.4781609189814815 0.6006884675925925 0.5632183912037038 0.5903614467592593 0.6965517245370371 0.5989672986111111 0.9425287361111111 0.5955249560185185 0.9931034490740741
0 0.6746987962962963 0.9908045972222221 0.6695352847222222 0.7494252870370371 0.6626506018518519 0.6850574722222221 0.6041308078703703 0.6735632175925926 0.5886402754629629 0.6344827592592592 0.5972461273148149 0.6114942523148149 0.5903614467592593 0.5954022986111112 0.5955249560185185 0.5862068958333333 0.5920826157407407 0.5011494259259259 0.5989672986111111 0.46436781712962966 0.5938037870370371 0.4114942523148148 0.5714285717592593 0.40229884953703704 0.5283993125 0.4114942523148148 0.48709122222222223 0.39540229861111115 0.430292599537037 0.39540229861111115 0.406196212962963 0.4114942523148148 0.3339070578703704 0.6873563217592592 0.3304647152777778 0.8137931041666667 0.327022375 0.9862068958333333 0.3339070578703704 0.9977011504629629 0.6609294328703704 0.9977011504629629 0.6746987962962963 0.9908045972222221