0 0.4727722777777778 0.49174917592592593 0.49009900925925926 0.5115511550925925 0.5099009907407408 0.49174917592592593 0.5247524745370371 0.49504950462962966 0.5272277222222223 0.4851485138888889 0.5569306921296296 0.47194719444444444 0.5915841574074074 0.4686468657407407 0.6237623773148149 0.4488448842592593 0.9554455439814815 0.33993399305555555 0.9975247523148149 0.31683168287037033 0.9975247523148149 0.13861386111111113 0.9925742569444445 0.14191419212962963 0.9900990092592593 0.13861386111111113 0.46039603935185186 0.3729372939814815 0.4579207916666667 0.41254125462962965 0.4702970300925926 0.4191419143518519 0.4727722777777778 0.49174917592592593
0 0.9847945555555555 0 0.7153465347222222 0.006600659722222222 0.698019800925926 0.026402641203703704 0.6881188125000001 0.023102310185185184 0.6237623773148149 0.06600659953703704 0.6064356435185184 0.09240924074074074 0.5990099004629629 0.08910891203703704 0.5618811875 0.11881188194444443 0.5420792083333333 0.11881188194444443 0.5371287129629629 0.12871287037037038 0.5321782175925927 0.11881188194444443 0.5198019791666666 0.14191419212962963 0.49504950462962966 0.14851485185185187 0.4702970300925926 0.17161716203703706 0.44554455555555555 0.17491749074074076 0.42079207870370366 0.21782178240740743 0.4282178217592592 0.22112211111111113 0.4306930694444444 0.26072607175925927 0.4381188125 0.2673267337962963 0.4306930694444444 0.27722772222222225 0.4306930694444444 0.3003300324074074 0.4826732662037037 0.3036303634259259 0.49009900925925926 0.29042904398148145 0.5074257430555555 0.2937293726851852 0.5222772268518519 0.27722772222222225 0.5420792083333333 0.28052805324074076 0.5717821782407407 0.2640264027777778 0.5693069305555556 0.25412541203703704 0.5816831689814814 0.2442244212962963 0.5990099004629629 0.25082508333333337 0.6336633657407407 0.23432343287037036 0.6336633657407407 0.21782178240740743 0.613861386574074 0.23432343287037036 0.589108912037037 0.23102310185185185 0.9851485138888889 0.033003300925925926 0.9975247523148149 0.023102310185185184 0.9975247523148149 0 0.9847945555555555 0
0 0.410891087962963 0.3465346527777778 0.4158415833333333 0.36963696296296294 0.39108910879629627 0.3795379537037037 0.3886138611111111 0.39603960416666667 0.43316831712962967 0.3729372939814815 0.4826732662037037 0.3663366342592593 0.6435643564814816 0.28382838194444443 0.9702970300925926 0.14521452083333333 0.9727722777777777 0.1353135324074074 0.9851485138888889 0.1353135324074074 0.9851485138888889 0.11221122222222223 0.9727722777777777 0.11221122222222223 0.9702970300925926 0.09570957175925926 0.9579207916666667 0.09570957175925926 0.8910891087962963 0.11551155092592592 0.8316831689814814 0.15181518055555557 0.4306930694444444 0.3333333333333333 0.410891087962963 0.3465346527777778
0 0.5965346527777777 0 0.46287128703703706 0.07590759027777778 0.43316831712962967 0.10231023148148148 0.4430693078703704 0.11551155092592592 0.4306930694444444 0.12211221064814815 0.42079207870370366 0.14521452083333333 0.40594059490740736 0.15511551157407408 0.3688118819444444 0.15511551157407408 0.34405940509259264 0.17821782175925927 0.34405940509259264 0.19141914120370368 0.4975247523148148 0.12871287037037038 0.5569306921296296 0.08580858101851853 0.725247525462963 0 0.7123762384259259 0 0.5965346527777777 0
0 0.3663366342592593 0.3498349837962963 0.3638613865740741 0.32673267361111114 0.3787128703703704 0.28382838194444443 0.3737623773148148 0.23432343287037036 0.34158415740740744 0.21782178240740743 0.3217821782407408 0.18151815277777777 0.15594059490740741 0.1353135324074074 0.13613861342592593 0.1353135324074074 0.13366336574074072 0.14851485185185187 0.19306930787037035 0.39273927314814816 0.24752475231481483 0.3663366342592593 0.3663366342592593 0.3498349837962963
0 0.25742574305555554 0.15511551157407408 0.26237623842592595 0.14521452083333333 0.31435643518518513 0.14851485185185187 0.32425742592592594 0.15511551157407408 0.31683168287037033 0.17161716203703706 0.3316831689814815 0.17161716203703706 0.32673267361111114 0.15511551157407408 0.3341584166666667 0.14851485185185187 0.35643564351851853 0.1584158425925926 0.3762376226851852 0.14851485185185187 0.40841584259259256 0.15181518055555557 0.43316831712962967 0.12211221064814815 0.1410891087962963 0.08250824999999999 0.12376237731481482 0.08250824999999999 0.12376237731481482 0.09570957175925926 0.16089108796296295 0.1320132013888889 0.24504950462962963 0.14191419212962963 0.25742574305555554 0.15511551157407408
0 0.08044554398148147 0 0.03960396064814815 0.006600659722222222 0.14603960416666667 0.39603960416666667 0.20049504861111112 0.630363037037037 0.20792079166666666 0.6468646874999999 0.22524752546296298 0.6567656759259259 0.23514851388888888 0.6105610555555556 0.23267326620370368 0.5544554444444445 0.09405940509259259 0 0.08044554398148147 0
0 0.2029702962962963 0.41254125462962965 0.23762376157407405 0.5676567662037036 0.23019802083333332 0.5940594050925926 0.23019802083333332 0.6567656759259259 0.2673267337962963 0.6567656759259259 0.29702970370370374 0.6270627060185185 0.2846534652777778 0.557755775462963 0.28712871296296294 0.5379537962962962 0.30445544444444445 0.5148514861111111 0.3341584166666667 0.5016501643518518 0.34158415740740744 0.4884488449074074 0.3613861388888889 0.49174917592592593 0.3737623773148148 0.4818481851851852 0.42574257407407406 0.4983498356481481 0.43316831712962967 0.47524752546296295 0.4133663356481481 0.4158415833333333 0.3836633657407407 0.41254125462962965 0.3737623773148148 0.3861386134259259 0.3613861388888889 0.3894389444444445 0.35891089120370373 0.3861386134259259 0.3217821782407408 0.39933993287037034 0.27475247453703705 0.39933993287037034 0.26980197916666665 0.40924092361111114 0.2029702962962963 0.41254125462962965
0 0.09900990046296297 0 0.11881188194444443 0.06600659953703704 0.34158415740740744 0.08250824999999999 0.34158415740740744 0.06600659953703704 0.2945544560185185 0 0.2815173263888889 0 0.09900990046296297 0
0 0 0.5379537962962962 0.01485148611111111 0.5379537962962962 0.1410891087962963 0.6171617152777777 0.2029702962962963 0.6435643564814816 0.15594059490740741 0.44554455555555555 0.11386138657407407 0.31023102314814816 0.11138613888888889 0.3069306921296296 0 0.40594059490740736 0 0.5379537962962962
0 0.30445544444444445 0.7161716180555556 0.3193069305555556 0.7590759074074074 0.3341584166666667 0.7722772268518519 0.47524752546296295 0.8448844884259259 0.49504950462962966 0.8448844884259259 0.5297029699074074 0.8646864675925926 0.551980199074074 0.8613861388888888 0.5569306921296296 0.8448844884259259 0.5668316828703703 0.8580858078703704 0.613861386574074 0.8580858078703704 0.6287128703703703 0.8481848194444445 0.5247524745370371 0.8184818472222223 0.4876237615740741 0.8184818472222223 0.4702970300925926 0.7986798680555555 0.007425743055555555 0.5445544560185185 0 0.5445544560185185 0.004950495370370371 0.613861386574074 0.22277227777777778 0.7194719467592593 0.28712871296296294 0.7095709560185185 0.30445544444444445 0.7161716180555556
0 0.027227722222222223 0.7755775578703704 0.18811881249999998 0.8316831689814814 0.2202970300925926 0.828382837962963 0.23267326620370368 0.7524752476851851 0.23019802083333332 0.7260726064814814 0.06930693055555556 0.6468646874999999 0.04207920833333333 0.6369636967592592 0.03465346527777778 0.6435643564814816 0.02227722685185185 0.630363037037037 0.019801979166666667 0.630363037037037 0.01485148611111111 0.7029702962962964 0.02227722685185185 0.7326732662037038 0.019801979166666667 0.7656765671296296 0.027227722222222223 0.7755775578703704
0 0 0.9966996689814814 0.20049504861111112 0.9966996689814814 0.21287128703703703 0.8481848194444445 0.02970296990740741 0.7854785486111111 0.019801979166666667 0.7854785486111111 0 0.8613861388888888 0 0.9966996689814814
1 0.29207920833333334 0.5808580856481481 0.3069306921296296 0.630363037037037 0.25742574305555554 0.6765676574074073 0.2821782175925926 0.6831683171296297 0.3094059398148148 0.6534653472222223 0.4405940601851852 0.5643564351851852 0.42079207870370366 0.5676567662037036 0.40594059490740736 0.5082508240740741 0.3787128703703704 0.49174917592592593 0.3712871296296296 0.49174917592592593 0.35891089120370373 0.5049504953703704 0.34405940509259264 0.4983498356481481 0.2945544560185185 0.5379537962962962 0.29207920833333334 0.5808580856481481
1 0.410891087962963 0.3300330023148148 0.40841584259259256 0.27722772222222225 0.4158415833333333 0.2739273935185185 0.42079207870370366 0.28712871296296294 0.42326732638888886 0.2739273935185185 0.4183168310185185 0.2640264027777778 0.400990099537037 0.2706270625 0.39603960416666667 0.26072607175925927 0.39603960416666667 0.25742574305555554 0.39108910879629627 0.2937293726851852 0.3663366342592593 0.3366336643518519 0.3787128703703704 0.3630363032407407 0.410891087962963 0.3300330023148148
1 0.39603960416666667 0.2409240925925926 0.4034653472222222 0.22772277314814815 0.4034653472222222 0.21122112268518517 0.3886138611111111 0.2409240925925926 0.40594059490740736 0.26072607175925927 0.410891087962963 0.23762376157407405 0.39603960416666667 0.2409240925925926
1 0.400990099537037 0.2739273935185185 0.39356435648148147 0.2739273935185185 0.3836633657407407 0.31023102314814816 0.3886138611111111 0.3300330023148148 0.410891087962963 0.31023102314814816 0.400990099537037 0.2739273935185185
1 0.35643564351851853 0.023102310185185184 0.35643564351851853 0.08250824999999999 0.3688118819444444 0.10561056018518518 0.35891089120370373 0.023102310185185184 0.35643564351851853 0.023102310185185184
1 0.3787128703703704 0.18811881249999998 0.3712871296296296 0.18811881249999998 0.35396039583333333 0.20132013194444445 0.3811881180555556 0.21782178240740743 0.39108910879629627 0.19801980092592594 0.3787128703703704 0.18811881249999998
1 0.46287128703703706 0.5214521458333333 0.4678217824074074 0.4851485138888889 0.4554455439814815 0.45214521527777773 0.45049504861111117 0.39273927314814816 0.4405940601851852 0.3795379537037037 0.4381188125 0.3762376226851852 0.42079207870370366 0.3894389444444445 0.44554455555555555 0.5082508240740741 0.45049504861111117 0.5214521458333333 0.46287128703703706 0.5214521458333333