1 1 0.09777777734375 0.951111111328125 0.093333333984375 0.88 0.146666666015625 0.8755555546875 0.25777777734375 0.893333333984375 0.293333333984375 1 0.288888888671875 1 0.09777777734375
1 0.248888888671875 0.4444444453125 0.333333333984375 0.46222222265625 0.42222222265625 0.408888888671875 0.4355555546875 0.333333333984375 0.391111111328125 0.231111111328125 0.293333333984375 0.213333333984375 0.208888888671875 0.266666666015625 0.2 0.33777777734375 0.248888888671875 0.4444444453125
1 0.333333333984375 0.5555555546875 0.333333333984375 0.608888888671875 0.391111111328125 0.7155555546875 0.4755555546875 0.733333333984375 0.56 0.6844444453125 0.586666666015625 0.626666666015625 0.586666666015625 0.56 0.551111111328125 0.4755555546875 0.448888888671875 0.453333333984375 0.4 0.466666666015625 0.36 0.50222222265625 0.333333333984375 0.5555555546875
1 0.026666666015625 0.631111111328125 0.093333333984375 0.74222222265625 0.186666666015625 0.7644444453125 0.2444444453125 0.74222222265625 0.288888888671875 0.693333333984375 0.30222222265625 0.6 0.2844444453125 0.528888888671875 0.248888888671875 0.488888888671875 0.146666666015625 0.471111111328125 0.09777777734375 0.488888888671875 0.0444444453125 0.53777777734375 0.026666666015625 0.631111111328125
1 0.57777777734375 0.786666666015625 0.6 0.871111111328125 0.626666666015625 0.906666666015625 0.68 0.933333333984375 0.733333333984375 0.933333333984375 0.813333333984375 0.88 0.84 0.808888888671875 0.84 0.74222222265625 0.7955555546875 0.648888888671875 0.706666666015625 0.61777777734375 0.631111111328125 0.6355555546875 0.5955555546875 0.666666666015625 0.57777777734375 0.786666666015625
1 0.511111111328125 0.38222222265625 0.6 0.3955555546875 0.626666666015625 0.3155555546875 0.6844444453125 0.2844444453125 0.68 0.226666666015625 0.626666666015625 0.168888888671875 0.551111111328125 0.1644444453125 0.4844444453125 0.2 0.4755555546875 0.311111111328125 0.511111111328125 0.38222222265625
1 0.62222222265625 0.493333333984375 0.69777777734375 0.533333333984375 0.746666666015625 0.45777777734375 0.826666666015625 0.4355555546875 0.826666666015625 0.38222222265625 0.78222222265625 0.29777777734375 0.688888888671875 0.28 0.61777777734375 0.32 0.6 0.4 0.62222222265625 0.493333333984375
1 0.70222222265625 0.613333333984375 0.77777777734375 0.64 0.826666666015625 0.706666666015625 0.8444444453125 0.706666666015625 0.9155555546875 0.648888888671875 0.933333333984375 0.52 0.888888888671875 0.45777777734375 0.8 0.4355555546875 0.72 0.4755555546875 0.69777777734375 0.528888888671875 0.70222222265625 0.613333333984375
1 1 0.54222222265625 0.986666666015625 0.54222222265625 0.94222222265625 0.5644444453125 0.92 0.608888888671875 0.9155555546875 0.7244444453125 0.94222222265625 0.791111111328125 1 0.831111111328125 1 0.54222222265625
1 1 0.288888888671875 0.93777777734375 0.28 0.85777777734375 0.3244444453125 0.84 0.4355555546875 0.9155555546875 0.493333333984375 0.933333333984375 0.53777777734375 1 0.533333333984375 1 0.288888888671875
1 0.711111111328125 0.2444444453125 0.751111111328125 0.271111111328125 0.826666666015625 0.271111111328125 0.8755555546875 0.231111111328125 0.88 0.106666666015625 0.831111111328125 0.05777777734375 0.7555555546875 0.053333333984375 0.693333333984375 0.10222222265625 0.693333333984375 0.2044444453125 0.711111111328125 0.2444444453125