1 0.6018518518518519 0.41898148148148145 0.6064814814814815 0.41898148148148145 0.6087962962962963 0.43287037037037035 0.6226851851851852 0.44907407407407407 0.6226851851851852 0.4675925925925926 0.6273148148148148 0.47453703703703703 0.625 0.48148148148148145 0.6180555555555556 0.47685185185185186 0.6064814814814815 0.47685185185185186 0.6018518518518519 0.47453703703703703 0.6018518518518519 0.4652777777777778 0.5972222222222222 0.4537037037037037 0.5972222222222222 0.4375 0.6018518518518519 0.42824074074074076 0.6018518518518519 0.4212962962962963
1 0.472826087962963 0.5917874398148149 0.4782608703703704 0.5966183564814814 0.45471014583333336 0.6304347824074074 0.3641304351851852 0.6256038657407408 0.2590579699074074 0.6328502407407407 0.32427536342592594 0.6400966180555556 0.4239130439814815 0.6328502407407407 0.5108695648148148 0.6400966180555556 0.5253623194444444 0.6328502407407407 0.5543478263888889 0.6400966180555556 0.6594202893518519 0.6280193240740741 0.8170289861111111 0.6256038657407408 0.7989130439814814 0.6135265694444444 0.7192028981481481 0.6207729467592593 0.7155797106481481 0.6135265694444444 0.5778985509259259 0.6111111111111112 0.5652173912037037 0.5990338171296296 0.5543478263888889 0.6014492754629629 0.5489130439814814 0.5942028981481481 0.5489130439814814 0.5652173912037037 0.5380434791666667 0.550724636574074 0.523550724537037 0.5458937199074074 0.5126811597222223 0.5458937199074074 0.4655797106481482 0.5797101458333334 0.48007246296296296 0.5748792268518519 0.4855072453703703 0.5942028981481481 0.472826087962963 0.5917874398148149
1 0.09420289814814815 0.6328502407407407 0.0652173912037037 0.6304347824074074 0.0634057962962963 0.6304347824074074 0.02173912962962963 0.642512076388889 0.04347826157407408 0.6497584537037037 0.09420289814814815 0.642512076388889 0.09420289814814815 0.6328502407407407
1 0.5231481481481481 0.5439814814814815 0.5370370370370371 0.5509259259259259 0.5393518518518519 0.5532407407407407 0.5393518518518519 0.5601851851851852 0.5486111111111112 0.5694444444444444 0.5509259259259259 0.5740740740740741 0.5509259259259259 0.5879629629629629 0.5486111111111112 0.5902777777777778 0.5486111111111112 0.5949074074074074 0.5555555555555556 0.6018518518518519 0.5694444444444444 0.6018518518518519 0.5740740740740741 0.6134259259259259 0.5694444444444444 0.6180555555555556 0.5416666666666666 0.6203703703703703 0.5393518518518519 0.6226851851851852 0.5115740740740741 0.6226851851851852 0.5092592592592593 0.625 0.5069444444444444 0.6226851851851852 0.4930555555555556 0.6226851851851852 0.49074074074074076 0.625 0.47685185185185186 0.625 0.47453703703703703 0.6226851851851852 0.4699074074074074 0.6226851851851852 0.4699074074074074 0.6111111111111112 0.4675925925925926 0.6087962962962963 0.4675925925925926 0.5763888888888888 0.47453703703703703 0.5740740740740741 0.4837962962962963 0.5648148148148148 0.48842592592592593 0.5648148148148148 0.49537037037037035 0.5601851851851852 0.4976851851851852 0.5555555555555556 0.5069444444444444 0.5509259259259259 0.5092592592592593 0.5462962962962963 0.5208333333333334 0.5439814814814815
1 0.2572463773148148 0.3695652175925926 0.25 0.35990338194444443 0.2391304351851852 0.35990338194444443 0.22101449305555557 0.3695652175925926 0.21739130324074074 0.37922705324074074 0.2536231875 0.3913043472222222 0.2572463773148148 0.3695652175925926
0 0 0.6328502407407407 0.38405796990740737 0.6256038657407408 0.4347826087962963 0.6231884050925927 0.4438405787037037 0.6135265694444444 0.4438405787037037 0.5289855069444445 0.4384057962962963 0.5144927546296296 0.44202898611111113 0.4782608703703704 0.4347826087962963 0.4082125601851852 0.22826087037037035 0.4082125601851852 0.125 0.3961352662037037 0.11775362268518519 0.40096618287037034 0.12318840509259259 0.42028985416666664 0.10507246296296296 0.42753623148148145 0.09963768055555555 0.4178743958333333 0.10326087037037038 0.40579710185185186 0.09601449305555557 0.4033816435185185 0.10144927546296297 0.39855072453703705 0.03623188425925926 0.3961352662037037 0.03442028935185185 0.3961352662037037 0 0.4154589375 0 0.6328502407407407
0 0 0.29468599074074076 0.14673912962962962 0.35990338194444443 0.1884057962962963 0.3743961342592592 0.22101449305555557 0.3743961342592592 0.23188405787037036 0.3623188402777778 0.2445652175925926 0.35990338194444443 0.2572463773148148 0.3695652175925926 0.2608695648148148 0.38405796990740737 0.3043478263888889 0.3913043472222222 0.4293478263888889 0.3961352662037037 0.4365942037037037 0.3937198078703704 0.4402173912037037 0.3816425115740741 0.44746376851851855 0.25120772916666667 0.4438405787037037 0.2270531412037037 0.0036231875 0.2004830925925926 0 0.2004830925925926 0 0.29468599074074076
0 0 0 0 0.11594203009259259 0.31702898611111113 0.14009661805555554 0.36594203009259263 0.14734299537037038 0.3641304351851852 0.15217391203703703 0.3894927546296297 0.14734299537037038 0.42028985416666664 0.15700483101851853 0.42753623148148145 0.15217391203703703 0.4347826087962963 0.1618357476851852 0.4365942037037037 0.15458937268518516 0.4565217384259259 0.15458937268518516 0.46014492824074077 0.16666666666666666 0.47101449305555554 0.16666666666666666 0.47101449305555554 0.15942028935185185 0.48007246296296296 0.15700483101851853 0.4891304351851852 0.1618357476851852 0.4873188402777778 0.16908212499999997 0.5362318842592593 0.1618357476851852 0.5579710138888889 0.16666666666666666 0.5597826087962963 0.1763285023148148 0.5688405787037036 0.1739130439814815 0.5597826087962963 0.17149758564814815 0.5634057962962963 0.16425120833333334 0.5724637685185185 0.1739130439814815 0.5760869560185186 0.16666666666666666 0.6612318842592593 0.16908212499999997 0.6992753634259259 0.17149758564814815 0.7336956527777778 0.18357487962962965 0.7916666666666666 0.1763285023148148 0.8514492754629629 0.18357487962962965 0.8659420300925925 0.19323671527777778 0.9039855069444445 0.18599033796296296 0.9076086967592593 0.19082125694444443 0.9311594212962964 0.18357487962962965 0.9456521736111112 0.16908212499999997 0.9347826087962963 0.15217391203703703 0.9221014490740741 0.15217391203703703 0.918478261574074 0.16425120833333334 0.9148550717592593 0.15458937268518516 0.9148550717592593 0.14009661805555554 0.9257246365740741 0.13768115972222222 0.9293478263888888 0.12801932407407407 0.9257246365740741 0.11835748842592592 0.9166666666666666 0.12077294675925926 0.918478261574074 0.08937198148148148 0.9221014490740741 0.08212560416666667 0.9311594212962964 0.08695652083333333 0.9347826087962963 0.07487922685185185 0.9384057962962963 0.08212560416666667 0.9420289861111111 0.07004831018518519 0.9329710138888889 0.03864734259259259 0.9384057962962963 0.03864734259259259 0.9420289861111111 0.02173912962962963 0.9365942037037037 0.01449275462962963 0.9420289861111111 0.007246377314814815 0.9112318842592593 0 0.9021195648148148 0 0 0
0 0.9130434791666666 0.2584541064814815 0.9293478263888888 0.2342995162037037 0.9347826087962963 0.2101449282407407 0.8423913032407407 0.19323671527777778 0.832125 0.19323671527777778 0.8115942037037037 0.19323671527777778 0.7862318842592593 0.24879227083333333 0.8623188402777778 0.24396135185185186 0.9130434791666666 0.2584541064814815
0 0 0.19082125694444443 0.016304347222222224 0.19323671527777778 0.6594202893518519 0.2342995162037037 0.668478261574074 0.24154589351851852 0.7373188402777778 0.24879227083333333 0.7626811597222222 0.24879227083333333 0.7681159421296295 0.23188405787037036 0.7608695648148148 0.1956521736111111 0.7336956527777778 0.1884057962962963 0.6358695648148148 0.1884057962962963 0.23007246296296296 0.1497584537037037 0.009057969907407407 0.13768115972222222 0.007246377314814815 0.13768115972222222 0 0.1497584537037037 0 0.19082125694444443
1 0.8405797106481481 0.35507246296296296 0.8387681157407407 0.3405797106481482 0.8333333333333334 0.33816425231481484 0.8278985509259259 0.35507246296296296 0.8260869560185186 0.3454106273148148 0.8206521736111112 0.3454106273148148 0.7137681157407407 0.3888888888888889 0.5452898541666666 0.40096618287037034 0.6557971018518519 0.4227053148148148 0.7952898541666668 0.4178743958333333 0.8260869560185186 0.40579710185185186 0.8387681157407407 0.4082125601851852 0.847826087962963 0.3888888888888889 0.8641304351851852 0.3937198078703704 0.8804347824074074 0.3768115949074074 0.8913043472222222 0.3816425115740741 0.9094202893518519 0.36473429861111106 0.918478261574074 0.3671497592592593 0.9311594212962964 0.35748792361111115 0.9927536226851852 0.3405797106481482 0.9492753634259259 0.33574879166666666 0.9438405787037036 0.33574879166666666 0.8713768125 0.35507246296296296 0.8532608703703704 0.35507246296296296 0.8514492754629629 0.347826087962963 0.8405797106481481 0.35507246296296296
0 0.46920289814814814 0.5748792268518519 0.47101449305555554 0.567632849537037 0.5144927546296296 0.5386473425925926 0.527173912037037 0.5410628009259258 0.5398550717592593 0.5555555555555556 0.5434782615740741 0.5458937199074074 0.5434782615740741 0.5628019328703704 0.5561594212962964 0.5724637685185185 0.5561594212962964 0.5966183564814814 0.5706521736111111 0.5990338171296296 0.5760869560185186 0.6086956527777778 0.6920289861111111 0.6086956527777778 0.6920289861111111 0.5700483101851852 0.6829710138888889 0.5628019328703704 0.6865942037037037 0.5483091782407408 0.6847826087962963 0.5289855069444445 0.6793478263888888 0.5241545902777778 0.6902173912037037 0.5144927546296296 0.6920289861111111 0.5024154583333333 0.6992753634259259 0.5024154583333333 0.6938405787037036 0.49758454166666666 0.6992753634259259 0.48309178703703703 0.6920289861111111 0.48309178703703703 0.6992753634259259 0.4371980671296296 0.6920289861111111 0.42753623148148145 0.6775362314814815 0.42753623148148145 0.6666666666666666 0.4371980671296296 0.6576086967592593 0.42753623148148145 0.6539855069444445 0.432367150462963 0.6503623194444444 0.42028985416666664 0.625 0.4227053148148148 0.6195652175925926 0.4106280185185185 0.6086956527777778 0.41304347916666667 0.6032608703703704 0.42753623148148145 0.6014492754629629 0.4154589375 0.5815217384259259 0.40579710185185186 0.5833333333333334 0.39855072453703705 0.6322463773148148 0.4033816435185185 0.6539855069444445 0.3888888888888889 0.6576086967592593 0.40096618287037034 0.6666666666666666 0.3913043472222222 0.6992753634259259 0.38647343055555555 0.7101449282407407 0.3623188402777778 0.7210144930555555 0.36473429861111106 0.7119565208333334 0.38405796990740737 0.7445652175925926 0.3768115949074074 0.7536231875 0.3671497592592593 0.7717391296296296 0.3671497592592593 0.8586956527777778 0.31642512037037035 0.8623188402777778 0.3043478263888889 0.8713768125 0.3043478263888889 0.875 0.27536231944444445 0.8731884050925927 0.2657004837962963 0.8369565208333334 0.25120772916666667 0.7989130439814814 0.25120772916666667 0.7952898541666668 0.2608695648148148 0.7807971018518519 0.2608695648148148 0.6539855069444445 0.2391304351851852 0.4891304351851852 0.22946859953703705 0.4855072453703703 0.22946859953703705 0.47463768055555555 0.23188405787037036 0.47101449305555554 0.24154589351851852 0.4655797106481482 0.5652173912037037 0.46920289814814814 0.5748792268518519