1 0.42831541203703705 0.5892617453703703 0.4408602152777778 0.5798657708333333 0.439068099537037 0.5651006712962963 0.45519713194444444 0.5342281875 0.45519713194444444 0.5208053680555556 0.4480286736111111 0.4939597314814815 0.4175627245370371 0.45503355787037036 0.3727598564814815 0.4979865763888889 0.3709677430555555 0.5503355694444445 0.3888888888888889 0.5610738263888889 0.39426523379629635 0.5919463078703704 0.42831541203703705 0.5892617453703703
1 0.3655913981481482 0.24563758333333333 0.3709677430555555 0.27919463194444444 0.3906810046296296 0.29798657638888887 0.40501792129629627 0.32348993287037037 0.3924731180555555 0.3342281875 0.41397849537037035 0.3543624166666667 0.4587813611111111 0.2859060393518518 0.45519713194444444 0.2295302013888889 0.46057347685185185 0.22147650925925927 0.46057347685185185 0.13422818749999998 0.4731182800925926 0.03892617361111111 0.4677419351851852 0.009395972222222222 0.4731182800925926 0.009395972222222222 0.4731182800925926 0.002684564814814815 0.38351254398148144 0 0.3799283148148148 0.012080537037037035 0.37634408564814814 0.09127516666666667 0.38172043055555555 0.12348993287037037 0.3655913981481482 0.17986577083333333 0.3655913981481482 0.24563758333333333
0 0 0.7154362407407407 0.05555555555555555 0.7583892615740742 0.09139784953703704 0.8 0.11827956944444445 0.8134228194444445 0.13799283101851853 0.8093959722222223 0.15232974999999999 0.814765099537037 0.15591397916666666 0.8214765092592593 0.14336917592592593 0.8308724837962963 0.14695340509259258 0.8429530208333333 0.17383512499999998 0.8644295300925926 0.1899641574074074 0.8604026851851851 0.2150537638888889 0.8939597314814814 0.22401433796296294 0.8966442962962964 0.2831541226851852 0.8872483217592593 0.29390681018518516 0.8832214768518518 0.2831541226851852 0.8523489930555556 0.007168458333333333 0.4255033564814815 0 0.4187919467592593 0 0.7154362407407407
0 0.7526881712962963 0.7919463078703705 0.9838709675925926 0.5919463078703704 0.9982078842592592 0.5543624166666666 0.9982078842592592 0.44966443055555555 0.673835125 0.7932885902777778 0.6684587824074074 0.8107382546296296 0.682795699074074 0.814765099537037 0.7311827962962963 0.8040268449074075 0.7526881712962963 0.7919463078703705
1 0.6917562731481481 0.7261744976851852 0.6953405023148148 0.7543624166666667 0.6953405023148148 0.7677852337962963 0.6684587824074074 0.8 0.6774193541666667 0.8107382546296296 0.6917562731481481 0.8107382546296296 0.7258064513888889 0.8040268449074075 0.7526881712962963 0.787919462962963 0.9964157708333333 0.5798657708333333 0.9982078842592592 0.2308724837962963 0.9928315416666668 0.2241610740740741 0.9838709675925926 0.23489932870370372 0.9767025092592592 0.23489932870370372 0.9426523287037036 0.20805369212962962 0.9444444444444444 0.2 0.9354838703703704 0.19194630787037037 0.9139784953703703 0.18791946296296297 0.9139784953703703 0.16510067129629633 0.9103942662037037 0.1691275162037037 0.8799283148148148 0.16510067129629633 0.8727598564814815 0.15838926157407407 0.8476702500000001 0.1691275162037037 0.8387096782407407 0.2 0.8315412175925926 0.2026845648148148 0.8279569884259259 0.21744966435185184 0.8064516134259259 0.24429530092592594 0.6684587824074074 0.5637583888888889 0.6630824375000001 0.5906040277777778 0.6684587824074074 0.6255033564814815 0.6612903217592593 0.6456375833333333 0.6630824375000001 0.6711409398148148 0.6917562731481481 0.7261744976851852
0 0.7634408611111111 0.9946308726851852 0.7777777777777778 0.9986577175925926 0.9982078842592592 0.9986577175925926 0.9982078842592592 0.6255033564814815 0.9623655902777778 0.6174496643518518 0.9551971319444443 0.6214765092592592 0.7616487453703704 0.787919462962963 0.7293906805555556 0.8483221481481481 0.7329749097222221 0.8791946319444444 0.745519712962963 0.9060402685185186 0.7473118287037037 0.9449664421296297 0.7634408611111111 0.9946308726851852
0 0 0.9986577175925926 0.9982078842592592 0.9986577175925926 0.9946236550925925 0.9570469791666667 0.9856630833333333 0.9624161064814815 0.9820788541666666 0.958389261574074 0.9713261643518519 0.9637583888888889 0.9444444444444444 0.9624161064814815 0.939068099537037 0.9557046990740742 0.9426523287037036 0.9449664421296297 0.9318996412037037 0.943624162037037 0.8763440856481481 0.9087248333333333 0.8835125439814815 0.8791946319444444 0.8512544791666667 0.8617449675925926 0.8548387106481482 0.8523489930555556 0.8405017916666666 0.8523489930555556 0.8387096782407407 0.8348993287037038 0.8297491041666667 0.8335570462962963 0.7992831550925926 0.7959731550925926 0.7831541226851852 0.7919463078703705 0.7741935486111111 0.7959731550925926 0.7706093194444444 0.7892617453703704 0.7580645162037037 0.7973154351851852 0.7598566319444444 0.8080536921296297 0.7473118287037037 0.8228187916666667 0.745519712962963 0.8389261736111111 0.7293906805555556 0.8456375833333333 0.7275985671296297 0.853691275462963 0.7025089606481482 0.8523489930555556 0.6863799282407407 0.8308724837962963 0.6630824375000001 0.8389261736111111 0.6075268819444445 0.8362416111111111 0.5896057337962963 0.8214765092592593 0.5878136203703703 0.8053691273148148 0.573476701388889 0.7973154351851852 0.5591397847222223 0.7771812083333333 0.5537634398148148 0.7261744976851852 0.5448028680555556 0.7140939606481481 0.5376344097222222 0.6765100671296296 0.5107526875 0.6657718125000001 0.46594982175925925 0.6711409398148148 0.46594982175925925 0.6778523495370371 0.3924731180555555 0.6953020138888889 0.38709677314814817 0.6912751666666667 0.3530465949074074 0.6953020138888889 0.3709677430555555 0.7489932893518519 0.37455197222222225 0.775838925925926 0.36738351157407406 0.7812080532407407 0.36738351157407406 0.7973154351851852 0.38172043055555555 0.8053691273148148 0.38172043055555555 0.8308724837962963 0.3691756273148148 0.8469798657407408 0.35483871064814815 0.8442953009259259 0.3494623657407407 0.8483221481481481 0.34767024999999996 0.8684563750000001 0.3315412175925926 0.8791946319444444 0.30824372685185186 0.8791946319444444 0.2903225810185185 0.8885906041666667 0.2150537638888889 0.9046979861111111 0.20250896064814813 0.9006711412037036 0.1989247314814815 0.8845637592592593 0.18637992824074076 0.8697986574074074 0.17383512499999998 0.8724832222222223 0.1684587824074074 0.8859060393518519 0.15412186342592593 0.8885906041666667 0.14336917592592593 0.8724832222222223 0.13620071759259259 0.8375838935185186 0.1057347662037037 0.8322147662037037 0.09318996527777779 0.824161074074074 0.08781362037037038 0.8067114097222222 0.08064516203703703 0.8053691273148148 0.06630824305555556 0.7785234907407408 0.04480286805555555 0.7583892615740742 0.030465949074074072 0.7583892615740742 0.019713261574074072 0.7476510069444444 0.0035842291666666666 0.8053691273148148 0.008960574074074074 0.8724832222222223 0 0.9342281874999999 0 0.9986577175925926
1 0.4516129027777778 0.8187919467592593 0.4623655902777778 0.743624162037037 0.4480286736111111 0.743624162037037 0.4444444444444444 0.7288590601851852 0.4731182800925926 0.7154362407407407 0.47849462268518517 0.6939597314814814 0.4641577060185185 0.680536912037037 0.4318996412037037 0.6738255023148149 0.42831541203703705 0.668456375 0.4157706087962963 0.6697986574074074 0.3996415763888889 0.6872483217592593 0.39605734722222224 0.7395973148148148 0.4130824375 0.7496644305555555 0.42473118287037037 0.7798657708333333 0.4516129027777778 0.8187919467592593
1 0.5501792106481481 0.8604026851851851 0.5519713263888889 0.8416107384259258 0.5394265231481482 0.824161074074074 0.5161290324074074 0.746308724537037 0.5125448032407407 0.7033557037037037 0.5071684583333333 0.6912751666666667 0.4892473125 0.6845637592592593 0.4838709675925926 0.6966442962962963 0.5017921157407407 0.7248322152777779 0.5179211458333334 0.7865771805555555 0.5501792106481481 0.8604026851851851
1 0.612903226851852 0.812080537037037 0.6397849467592592 0.7973154351851852 0.6594982083333334 0.7986577175925925 0.6774193541666667 0.7677852337962963 0.6792114699074074 0.746308724537037 0.6433691759259259 0.6644295300925925 0.6236559143518519 0.6523489930555556 0.5555555555555556 0.6617449675925926 0.5483870972222222 0.6724832222222221 0.5501792106481481 0.6993288587962964 0.580645162037037 0.7919463078703705 0.612903226851852 0.812080537037037
1 0.6003584236111111 0.6295302013888888 0.5376344097222222 0.6268456365740741 0.49462365509259254 0.6402684560185186 0.4480286736111111 0.638926173611111 0.44623656018518515 0.6429530208333333 0.46594982175925925 0.6550335578703703 0.5770609328703704 0.6429530208333333 0.6003584236111111 0.6295302013888888
1 0.31720430092592594 0.6899328865740741 0.3315412175925926 0.6738255023148149 0.3279569884259259 0.6630872476851851 0.2724014328703704 0.6550335578703703 0.2634408611111111 0.6483221481481481 0.22939068055555556 0.6550335578703703 0.23118279629629632 0.6859060393518519 0.2419354837962963 0.6993288587962964 0.29211469444444443 0.7006711412037037 0.31720430092592594 0.6899328865740741
1 0.42831541203703705 0.6375838935185185 0.42831541203703705 0.6241610740740741 0.4014336921296296 0.6241610740740741 0.3655913981481482 0.6550335578703703 0.33512544907407404 0.6671140949074074 0.3387096782407408 0.6765100671296296 0.3888888888888889 0.6697986574074074 0.408602150462963 0.644295300925926 0.42831541203703705 0.6375838935185185
1 0.41397849537037035 0.4322147662037037 0.41397849537037035 0.3838926180555556 0.3691756273148148 0.38657718055555557 0.35483871064814815 0.4080536921296296 0.3530465949074074 0.42416107407407405 0.36738351157407406 0.4348993287037037 0.38351254398148144 0.4375838935185185 0.41397849537037035 0.4322147662037037