1 0.4956709953703704 0.5028901736111111 0.4805194814814815 0.523121386574074 0.4415584421296296 0.5433526018518519 0.45454545370370375 0.569364162037037 0.48268398379629635 0.5838150277777777 0.4956709953703704 0.5751445092592592 0.5216450208333333 0.4826589606481481 0.510822511574074 0.3959537569444444 0.5 0.3959537569444444 0.5086580092592593 0.43063583796296295 0.49350649305555555 0.45375722453703704 0.5021645023148148 0.4710982662037037 0.4956709953703704 0.5028901736111111
1 0.5064935069444444 0.48843930555555554 0.5129870138888889 0.3872832361111111 0.5 0.3583815023148148 0.47619047685185184 0.3410404629629629 0.45454545370370375 0.3439306365740741 0.4350649351851852 0.36705202314814817 0.4350649351851852 0.5289017337962962 0.43939393981481484 0.5433526018518519 0.46320346296296294 0.5433526018518519 0.5064935069444444 0.48843930555555554
0 0.3268398263888889 0.7890173402777777 0.35714285648148153 0.7803468217592593 0.3701298703703704 0.7890173402777777 0.40476190509259263 0.8468208101851852 0.42424242361111114 0.8497109837962964 0.4134199143518519 0.8121387291666666 0.39610389583333333 0.8063583819444444 0.32034631944444447 0.6907514444444445 0.3030303032407407 0.6445086712962963 0.00432900462962963 0.15895953703703702 0 0.364161849537037 0.00865800925925926 0.37861271759259263 0.30952381018518516 0.771676300925926 0.3268398263888889 0.7890173402777777
0 0.7510822500000001 0.8612716759259259 0.7792207800925927 0.7630057800925926 0.798701298611111 0.771676300925926 0.8008658009259259 0.8179190740740742 0.8138528148148148 0.8121387291666666 0.9978354976851852 0.3294797685185185 0.9978354976851852 0 0.8138528148148148 0.005780347222222222 0.8073593078703704 0.014450868055555555 0.774891775462963 0.2947976875 0.7662337662037038 0.3150289027777778 0.7640692638888888 0.39306358333333336 0.7510822500000001 0.43641618518518516 0.7510822500000001 0.523121386574074 0.7402597407407407 0.5491329490740741 0.738095238425926 0.6849710972222222 0.7445887453703703 0.7225433518518519 0.7316017314814814 0.8641618495370371 0.7510822500000001 0.8612716759259259
1 0.7532467523148149 0.3901734097222222 0.7294372291666666 0.41040462499999997 0.7272727268518518 0.44219653240740736 0.738095238425926 0.4479768796296297 0.7510822500000001 0.42485549074074075 0.7532467523148149 0.3901734097222222
1 0.6406926412037037 0.7398843935185185 0.5844155833333333 0.725433525462963 0.5952380949074074 0.7890173402777777 0.6125541134259259 0.8092485555555555 0.6277056273148148 0.7890173402777777 0.6406926412037037 0.7398843935185185
1 0.5865800856481481 0.5924855486111111 0.5649350648148148 0.6069364166666666 0.5627705625 0.6184971087962963 0.5844155833333333 0.6300578032407408 0.5974025972222222 0.612716763888889 0.5865800856481481 0.5924855486111111
1 0.49350649305555555 0.6242774560185185 0.49350649305555555 0.6387283240740741 0.5064935069444444 0.6387283240740741 0.5173160162037037 0.6011560694444446 0.49350649305555555 0.6242774560185185
1 0.3593073587962963 0.5549132939814815 0.350649349537037 0.569364162037037 0.33982684027777776 0.6676300578703703 0.3463203472222222 0.6849710972222222 0.37445887499999997 0.5780346828703704 0.3593073587962963 0.5549132939814815
1 0.6580086574074074 0.6098265902777777 0.6796536805555555 0.6098265902777777 0.6666666666666666 0.6011560694444446 0.6580086574074074 0.6098265902777777
1 0.536796537037037 0.23988439351851853 0.5281385277777778 0.25722543287037036 0.5432900439814815 0.2658959537037037 0.5497835509259259 0.24566474074074074 0.536796537037037 0.23988439351851853