1 0.5772569444444444 0.6631944444444444 0.0998263888888889 0.11197916666666667
1 0.4479166666666667 0.6380208333333334 0.041666666666666664 0.2170138888888889
1 0.3732638888888889 0.4340277777777778 0.1189236111111111 0.1171875
1 0.2361111111111111 0.6649305555555556 0.1171875 0.17447916666666666
1 0.6848958333333334 0.6597222222222222 0.1640625 0.2821180555555556
1 0.5104166666666666 0.5529513888888888 0.13541666666666666 0.3125
1 0.6909722222222222 0.2586805555555556 0.1657986111111111 0.2829861111111111
1 0.6111111111111112 0.4982638888888889 0.1345486111111111 0.2092013888888889
1 0.5685763888888888 0.3072916666666667 0.1388888888888889 0.21354166666666666
1 0.4487847222222222 0.2847222222222222 0.0998263888888889 0.2786458333333333
1 0.3559027777777778 0.2821180555555556 0.11631944444444445 0.2560763888888889
1 0.3984375 0.6258680555555556 0.10069444444444445 0.3142361111111111
1 0.2934027777777778 0.5260416666666666 0.1440972222222222 0.3350694444444444