1 0.662109375 0.87890625 0.1123046875 0.1884765625
1 0.484375 0.572265625 0.0859375 0.130859375
1 0.4658203125 0.4296875 0.087890625 0.1005859375
1 0.537109375 0.7529296875 0.0888671875 0.298828125
1 0.40234375 0.8251953125 0.12109375 0.294921875
1 0.3798828125 0.529296875 0.134765625 0.2373046875
1 0.271484375 0.6357421875 0.08203125 0.248046875
1 0.2705078125 0.42578125 0.154296875 0.1923828125
1 0.3359375 0.212890625 0.111328125 0.275390625
1 0.2236328125 0.2451171875 0.1103515625 0.23828125
1 0.6708984375 0.9658203125 0.103515625 0.0673828125