2 0.53203125 0.76875 0.14453125 0.1015625
2 0.63515625 0.74375 0.14921875 0.10625
2 0.578125 0.5546875 0.1921875 0.0359375
2 0.5796875 0.440625 0.1140625 0.0890625
2 0.278125 0.559375 0.26484375 0.0921875
2 0.55078125 0.60546875 0.28046875 0.071875
2 0.50390625 0.69375 0.275 0.13671875
2 0.3109375 0.64609375 0.2671875 0.08671875
2 0.4859375 0.49921875 0.28203125 0.12578125
2 0.215625 0.4828125 0.27734375 0.115625
2 0.47578125 0.3625 0.32734375 0.1359375
2 0.21640625 0.36328125 0.2578125 0.1609375
2 0.40546875 0.2921875 0.31484375 0.1421875