1 0.24076003086419753 0.17961033950617283 0.12318672839506177 0.2317772633744856
1 0.34295910493827164 0.18926826131687244 0.0920138888888889 0.2350180041152263
1 0.4070987654320988 0.42746913580246915 0.10235339506172833 0.23162294238683126
1 0.48398919753086417 0.2871656378600823 0.0845679012345679 0.21239711934156377
1 0.6040702160493827 0.31231352880658436 0.09521604938271604 0.22289094650205765
1 0.548630401234568 0.4637409979423869 0.0947530864197531 0.20205761316872436
1 0.6443094135802468 0.4543531378600823 0.11628086419753084 0.23346193415637867
1 0.6379050925925926 0.6644354423868313 0.06442901234567897 0.2434927983539094
1 0.7142746913580247 0.5475694444444444 0.11060956790123457 0.21259002057613172
1 0.2755208333333333 0.37289737654320987 0.08518518518518518 0.08395061728395062
1 0.30362654320987653 0.4360468106995885 0.08827160493827159 0.06661522633744849
1 0.4703510802469136 0.5103202160493827 0.048148148148148176 0.1357510288065843
1 0.5066743827160494 0.594238683127572 0.06932870370370381 0.07341820987654321