1 0.46404375000000003 0.8253439153439154 0.049262499999999994 0.1227116402116402
1 0.47248125 0.7661772486772487 0.0316875 0.13984126984126985
1 0.40884375 0.9274074074074075 0.09215 0.1451851851851852
1 0.38141875 0.7877645502645502 0.07175625000000001 0.11751322751322751
1 0.44206874999999995 0.6165608465608465 0.07281875 0.17115079365079364
1 0.37174999999999997 0.5483068783068783 0.08405625 0.15251322751322752
1 0.45050624999999994 0.5014285714285714 0.05594375 0.043849206349206346
1 0.46668125000000005 0.4221560846560846 0.03906875 0.09671957671957672
1 0.34380000000000005 0.36523809523809525 0.07948125 0.14579365079365078
1 0.4512125 0.22308201058201058 0.08829375 0.12797619047619047
1 0.3794875 0.2751851851851852 0.0932 0.1353968253968254
1 0.38950625 0.14828042328042326 0.06613125 0.13764550264550265
1 0.41225625 0.3982936507936508 0.06795625 0.10246031746031745