1 0.5322265625 0.7685546875 0.14453125 0.1015625
1 0.6357421875 0.744140625 0.1494140625 0.1064453125
1 0.578125 0.5546875 0.1923828125 0.0361328125
1 0.580078125 0.4404296875 0.1142578125 0.0888671875
1 0.2783203125 0.5595703125 0.2646484375 0.091796875
1 0.55078125 0.60546875 0.2802734375 0.0712890625
1 0.50390625 0.693359375 0.275390625 0.13671875
1 0.310546875 0.646484375 0.2666015625 0.0869140625
1 0.486328125 0.4990234375 0.2822265625 0.1259765625
1 0.2158203125 0.4833984375 0.27734375 0.1162109375
1 0.4755859375 0.3623046875 0.3271484375 0.13671875
1 0.2158203125 0.36328125 0.2578125 0.1611328125
1 0.4052734375 0.2919921875 0.314453125 0.142578125