1 0.6297903806584362 0.9099054783950619 0.11811985596707804 0.18018904320987644
1 0.46315586419753085 0.6016203703703703 0.09162808641975317 0.13535236625514419
1 0.44939557613168724 0.4563914609053498 0.09227109053497944 0.10594135802469123
1 0.5094521604938271 0.784445730452675 0.1013374485596709 0.30396090534979414
1 0.3722029320987654 0.8491094393004115 0.13245884773662553 0.301781121399177
1 0.36059670781893005 0.5520447530864198 0.1441615226337449 0.24413580246913588
1 0.24816743827160492 0.6515174897119341 0.09252829218106998 0.25320216049382716
1 0.25507973251028804 0.4413966049382716 0.15991512345679007 0.20176183127572017
1 0.3280606995884774 0.23258101851851853 0.12127057613168724 0.2808899176954733
1 0.21485982510288065 0.25893132716049383 0.11998456790123457 0.24616769547325104
1 0.6352237654320988 0.9844843106995884 0.1066743827160492 0.03103137860082307