1 0.5773125 0.663505291005291 0.0997125 0.11215608465608466
1 0.44769374999999995 0.6381481481481481 0.0415125 0.2172089947089947
1 0.37304375 0.4344179894179894 0.11852499999999999 0.11761904761904762
1 0.23624375 0.6648544973544973 0.11681875 0.17464285714285716
1 0.6845749999999999 0.6594179894179893 0.16390625 0.2824074074074074
1 0.51025625 0.553015873015873 0.1352125 0.31232804232804234
1 0.6911125 0.2583201058201058 0.1656 0.28330687830687834
1 0.6107875 0.498015873015873 0.13436875 0.20908730158730157
1 0.5685375 0.30697089947089945 0.13908125 0.2135978835978836
1 0.44886249999999994 0.2848280423280423 0.10014374999999999 0.27871693121693125
1 0.35560625 0.2817195767195767 0.1163875 0.25617724867724867
1 0.39880000000000004 0.6259126984126984 0.1010125 0.3141137566137566
1 0.2937875 0.5258465608465609 0.1442 0.334973544973545