1 0.5684375 0.37103174603174605 0.050625 0.17063492063492064
1 0.535 0.5628306878306878 0.083125 0.08068783068783068
1 0.450625 0.6335978835978836 0.065 0.20502645502645503
1 0.50375 0.8974867724867724 0.08625 0.20502645502645503
1 0.4653125 0.781084656084656 0.143125 0.27645502645502645
1 0.394375 0.6263227513227513 0.111875 0.24603174603174602
1 0.5203125 0.6355820105820106 0.12625 0.1917989417989418
1 0.414375 0.48148148148148145 0.11375 0.19973544973544974
1 0.516875 0.4470899470899471 0.12875 0.23544973544973544
1 0.4428125 0.30687830687830686 0.103125 0.26455026455026454
1 0.5884375 0.20436507936507936 0.11875 0.2791005291005291
1 0.4521875 0.12103174603174603 0.113125 0.24206349206349206
1 0.5175 0.2837301587301587 0.09875 0.24338624338624337