1 0.7734375 0.7400793650793651 0.133125 0.26322751322751325
1 0.67125 0.7605820105820106 0.10125 0.2566137566137566
1 0.586875 0.544973544973545 0.110625 0.25793650793650796
1 0.5228125 0.7043650793650794 0.09375 0.23412698412698413
1 0.401875 0.7136243386243386 0.10375 0.24735449735449735
1 0.4434375 0.5496031746031746 0.101875 0.2261904761904762
1 0.3496875 0.5859788359788359 0.125625 0.26322751322751325
1 0.3378125 0.3776455026455027 0.075 0.25793650793650796
1 0.2725 0.5145502645502645 0.11875 0.23941798941798942
1 0.7221875 0.5601851851851852 0.088125 0.10846560846560846
1 0.68875 0.5059523809523809 0.09 0.09126984126984126
1 0.5171875 0.4808201058201058 0.05375 0.14814814814814814
1 0.4734375 0.4087301587301587 0.07125 0.09126984126984126