1 0.5554875 0.34546296296296297 0.03689375 0.1588227513227513
1 0.5399375 0.5476455026455026 0.0801625 0.04925925925925926
1 0.46353125 0.6513756613756614 0.04905 0.18884920634920635
1 0.53976875 0.8927116402116402 0.0710375 0.18595238095238098
1 0.49116875 0.7896428571428572 0.1247875 0.23037037037037036
1 0.40783125 0.6665608465608466 0.0946875 0.2117989417989418
1 0.5321625 0.6250793650793651 0.11498749999999999 0.14806878306878307
1 0.41424999999999995 0.5166666666666667 0.10111875 0.16236772486772486
1 0.5117875000000001 0.44116402116402115 0.11364375 0.19316137566137567
1 0.42641875 0.3333068783068783 0.08354374999999999 0.23537037037037037
1 0.5601375000000001 0.17407407407407408 0.0987625 0.24398148148148147
1 0.41746875000000006 0.13220899470899472 0.09333125 0.23898148148148146
1 0.49775624999999996 0.28070105820105823 0.08085 0.21462962962962961