1 0.7548828125 0.818359375 0.119140625 0.2314453125
1 0.65234375 0.80859375 0.0859375 0.234375
1 0.5830078125 0.5703125 0.0966796875 0.2314453125
1 0.5087890625 0.708984375 0.080078125 0.2119140625
1 0.388671875 0.6826171875 0.08984375 0.22265625
1 0.4404296875 0.5322265625 0.0888671875 0.201171875
1 0.345703125 0.541015625 0.111328125 0.2333984375
1 0.34765625 0.3310546875 0.0595703125 0.2431640625
1 0.2734375 0.447265625 0.10546875 0.2109375
1 0.7158203125 0.625 0.0830078125 0.0849609375
1 0.6865234375 0.5615234375 0.0869140625 0.0673828125
1 0.5185546875 0.486328125 0.044921875 0.1357421875
1 0.4794921875 0.40234375 0.0673828125 0.072265625