1 0.639375 0.9041005291005291 0.1225 0.1917989417989418
1 0.48 0.5681216931216931 0.0925 0.15211640211640212
1 0.47 0.42063492063492064 0.093125 0.12169312169312169
1 0.5225 0.7605820105820106 0.105625 0.3201058201058201
1 0.384375 0.7982804232804233 0.1375 0.32407407407407407
1 0.3790625 0.49867724867724866 0.1475 0.2698412698412698
1 0.2653125 0.5753968253968254 0.09625 0.2671957671957672
1 0.2765625 0.36706349206349204 0.16375 0.23148148148148148
1 0.35375 0.17195767195767195 0.125625 0.30158730158730157
1 0.240625 0.17592592592592593 0.123125 0.26455026455026454
1 0.6421875 0.9794973544973545 0.106875 0.041005291005291