1 0.6623263888888888 0.8784722222222222 0.11197916666666667 0.1892361111111111
1 0.484375 0.5729166666666666 0.0859375 0.13020833333333334
1 0.4652777777777778 0.4288194444444444 0.08854166666666667 0.0998263888888889
1 0.5373263888888888 0.7526041666666666 0.08940972222222222 0.2986111111111111
1 0.4027777777777778 0.8255208333333334 0.12152777777777778 0.2942708333333333
1 0.3802083333333333 0.5295138888888888 0.1345486111111111 0.23697916666666666
1 0.2717013888888889 0.6354166666666666 0.08246527777777778 0.2482638888888889
1 0.2708333333333333 0.4253472222222222 0.15364583333333334 0.19270833333333334
1 0.3359375 0.2126736111111111 0.1111111111111111 0.2751736111111111
1 0.22395833333333334 0.2456597222222222 0.11024305555555555 0.2387152777777778
1 0.6710069444444444 0.9661458333333334 0.10416666666666667 0.06770833333333333