1 0.7752562500000001 0.5667063492063492 0.095375 0.21443121693121694
1 0.69196875 0.6157671957671957 0.0599625 0.17929894179894182
1 0.6004625 0.4513359788359788 0.0987 0.18043650793650792
1 0.55560625 0.6161507936507936 0.088325 0.20333333333333334
1 0.47240000000000004 0.5026455026455027 0.06356875 0.16507936507936508
1 0.44680625 0.6622619047619048 0.09041874999999999 0.1969973544973545
1 0.39189999999999997 0.5660978835978836 0.08750625 0.2309126984126984
1 0.36451875 0.38099206349206344 0.07734375 0.2271031746031746
1 0.31449375 0.5251587301587302 0.0944375 0.17539682539682538
1 0.7177312499999999 0.42870370370370375 0.06885625000000001 0.10686507936507937
1 0.68828125 0.3990343915343916 0.0781625 0.06697089947089947
1 0.53496875 0.42088624338624336 0.028606250000000003 0.13011904761904763
1 0.48936875 0.3681481481481481 0.0566875 0.08865079365079365