1 0.5771484375 0.6630859375 0.099609375 0.1123046875
1 0.447265625 0.6376953125 0.0419921875 0.216796875
1 0.373046875 0.4345703125 0.1181640625 0.1171875
1 0.236328125 0.6650390625 0.1171875 0.1748046875
1 0.6845703125 0.6591796875 0.1640625 0.2822265625
1 0.5107421875 0.552734375 0.134765625 0.3125
1 0.69140625 0.2587890625 0.166015625 0.283203125
1 0.6103515625 0.498046875 0.134765625 0.208984375
1 0.568359375 0.306640625 0.138671875 0.2138671875
1 0.44921875 0.28515625 0.1005859375 0.2783203125
1 0.35546875 0.28125 0.1162109375 0.255859375
1 0.3984375 0.6259765625 0.1005859375 0.314453125
1 0.2939453125 0.525390625 0.14453125 0.3349609375