1 0.4940625 0.833994708994709 0.059375 0.1402116402116402
1 0.496875 0.7724867724867724 0.04375 0.14947089947089948
1 0.44875 0.9332010582010583 0.10375 0.1335978835978836
1 0.4096875 0.8306878306878307 0.08125 0.14417989417989419
1 0.45375 0.6375661375661376 0.086875 0.1970899470899471
1 0.3784375 0.5992063492063492 0.09625 0.18386243386243387
1 0.4515625 0.5211640211640212 0.05875 0.06613756613756613
1 0.4603125 0.43716931216931215 0.046875 0.1111111111111111
1 0.334375 0.4305555555555556 0.09125 0.1746031746031746
1 0.4271875 0.24801587301587302 0.098125 0.16137566137566137
1 0.3615625 0.328042328042328 0.10375 0.17063492063492064
1 0.3596875 0.19907407407407407 0.0775 0.16137566137566137
1 0.4046875 0.43584656084656087 0.07625 0.1283068783068783