2 0.775 0.56640625 0.0953125 0.2140625
2 0.6921875 0.615625 0.06015625 0.1796875
2 0.60078125 0.4515625 0.0984375 0.18046875
2 0.55546875 0.61640625 0.08828125 0.203125
2 0.47265625 0.50234375 0.06328125 0.16484375
2 0.446875 0.6625 0.090625 0.196875
2 0.3921875 0.56640625 0.0875 0.23125
2 0.36484375 0.38125 0.07734375 0.22734375
2 0.31484375 0.525 0.09453125 0.17578125
2 0.71796875 0.42890625 0.06875 0.10703125
2 0.68828125 0.39921875 0.078125 0.0671875
2 0.53515625 0.42109375 0.02890625 0.13046875
2 0.4890625 0.36796875 0.05703125 0.08828125