1 0.5556640625 0.345703125 0.037109375 0.1591796875
1 0.5400390625 0.5478515625 0.080078125 0.048828125
1 0.4638671875 0.6513671875 0.048828125 0.1884765625
1 0.5400390625 0.892578125 0.0712890625 0.185546875
1 0.4912109375 0.7900390625 0.125 0.23046875
1 0.408203125 0.6669921875 0.0947265625 0.2119140625
1 0.5322265625 0.625 0.115234375 0.1484375
1 0.4140625 0.5166015625 0.1015625 0.162109375
1 0.51171875 0.44140625 0.11328125 0.193359375
1 0.4267578125 0.3330078125 0.083984375 0.2353515625
1 0.560546875 0.173828125 0.0986328125 0.244140625
1 0.4169921875 0.1318359375 0.09375 0.2392578125
1 0.498046875 0.2802734375 0.0810546875 0.21484375