1 0 0.4023255810185185 0.015476189814814814 0.40465116203703705 0.032142856481481484 0.3674418611111111 0.04404761805555556 0.3697674421296296 0.06309523842592592 0.3976744189814814 0.075 0.4441860462962963 0.08571428472222221 0.4465116273148148 0.09523809490740741 0.4255813958333334 0.09047618981481483 0.4162790694444445 0.09166666666666667 0.40697674305555553 0.08690476157407406 0.39069767361111113 0.08928571527777779 0.3860465115740741 0.10476190509259259 0.3883720925925926 0.10952381018518519 0.3767441851851852 0.125 0.39302325694444445 0.1452380949074074 0.3627906967592593 0.15357142824074074 0.3627906967592593 0.1726190486111111 0.3883720925925926 0.18690476157407407 0.4325581388888889 0.18928571527777777 0.45813953472222224 0.19404761805555554 0.46279069675925927 0.22380952314814817 0.4348837199074074 0.23095238194444445 0.42093023148148145 0.2547619050925926 0.40465116203703705 0.2583333333333333 0.39302325694444445 0.2678571435185185 0.39069767361111113 0.2726190486111111 0.3767441851851852 0.2916666666666667 0.381395349537037 0.31190476157407404 0.42093023148148145 0.3190476180555556 0.46511628009259254 0.32023809490740746 0.5023255810185185 0.325 0.5023255810185185 0.32857142824074076 0.4906976736111111 0.3488095231481481 0.4930232569444445 0.3690476180555556 0.5348837199074075 0.3797619050925926 0.5930232569444444 0.4023809513888889 0.5976744189814815 0.41904761805555557 0.5767441851851852 0.4238095231481481 0.5534883726851851 0.43452381018518516 0.5441860462962963 0.45 0.5558139537037037 0.47023809490740737 0.6 0.47976190509259264 0.6534883726851852 0.4869047615740741 0.6651162800925926 0.5107142847222222 0.6720930231481481 0.527380951388889 0.7023255810185185 0.5428571435185185 0.7651162800925926 0.5380952384259259 0.7790697685185185 0.5392857152777778 0.7906976736111111 0.5476190486111111 0.7744186041666666 0.5428571435185185 0.767441861111111 0.5452380949074074 0.7627906967592593 0.5607142847222222 0.7790697685185185 0.5726190486111111 0.7790697685185185 0.6 0.7395348842592592 0.6226190486111111 0.7534883726851852 0.6392857152777778 0.7883720925925927 0.6476190486111112 0.8604651157407408 0.652380951388889 0.8720930231481482 0.65 0.8767441851851852 0.6761904768518519 0.8767441851851852 0.6904761898148147 0.8906976736111111 0.7 0.9279069768518519 0.7071428564814815 0.9348837199074075 0.7047619050925925 0.9441860462962963 0.7130952384259259 0.9837209305555555 0.7202380949074074 0.9837209305555555 0.7261904768518519 0.9930232569444444 0.7464285717592593 0.9837209305555555 0.7523809513888889 0.9930232569444444 0.7833333333333333 0.9930232569444444 0.7869047615740741 0.981395349537037 0.8238095231481481 0.995348837962963 0.8416666666666667 0.9883720925925926 0.8678571435185185 0.9930232569444444 0.8690476180555555 0.986046511574074 0.8702380949074074 0.9930232569444444 0.8785714282407407 0.995348837962963 0.9011904768518518 0.9930232569444444 0.8976190486111112 0.9744186041666667 0.8607142847222222 0.895348837962963 0.8321428564814815 0.8209302314814815 0.761904761574074 0.6813953495370371 0.6714285717592593 0.5232558148148149 0.527380951388889 0.3209302314814815 0.4321428564814815 0.21627906944444444 0.30357142824074074 0.10930232638888888 0.17857142824074076 0.05813953472222222 0.10357142824074074 0.055813953703703706 0.09880952314814814 0.055813953703703706 0.03809523842592592 0.07441860416666667 0 0.10465116203703705 0 0.4023255810185185
1 0.9119047615740741 0.9930232569444444 0.9238095231481481 0.995348837962963 0.9428571435185185 0.9837209305555555 0.9988095231481481 0.9116279074074074 0.9988095231481481 0.7209302314814815 0.9964285717592593 0.7209302314814815 0.8678571435185185 0.8883720925925926 0.8690476180555555 0.9023255810185185 0.8833333333333334 0.9372093032407407 0.9119047615740741 0.9930232569444444
1 0 0.981395349537037 0.025 0.9837209305555555 0.029761905092592595 0.9627906967592593 0.03928571527777778 0.9720930231481482 0.041666666666666664 0.9488372083333333 0.04880952314814815 0.9441860462962963 0.06428571527777778 0.9441860462962963 0.06904761805555555 0.9627906967592593 0.07380952314814815 0.9651162800925925 0.08928571527777779 0.9441860462962963 0.08690476157407406 0.9418604652777778 0.09047618981481483 0.9348837199074075 0.09523809490740741 0.9395348842592592 0.11547618981481482 0.9209302314814815 0.15357142824074074 0.8767441851851852 0.15595238194444447 0.8674418611111112 0.16785714351851852 0.8604651157407408 0.2571428564814815 0.7581395347222222 0.26904761805555555 0.7372093032407407 0.35714285648148153 0.6465116273148148 0.36547618981481483 0.6348837199074074 0.37380952314814814 0.6069767430555556 0.37142857175925925 0.5651162800925926 0.3595238101851852 0.5209302314814815 0.3428571435185185 0.504651162037037 0.3380952384259259 0.504651162037037 0 0.8697674421296296 0 0.981395349537037
1 0.22619047685185187 0.9767441851851851 0.43452381018518516 0.7302325578703703 0.4678571435185185 0.7 0.47619047685185184 0.6744186041666667 0.47142857175925923 0.6372093032407408 0.4630952384259259 0.5976744189814815 0.44642857175925926 0.5627906967592593 0.44047618981481484 0.5627906967592593 0.3333333333333333 0.6767441851851852 0.05595238194444444 0.9930232569444444 0.21071428472222223 0.9930232569444444 0.22619047685185187 0.9767441851851851
1 0.3904761898148148 0.9837209305555555 0.39404761805555555 0.9744186041666667 0.38452381018518517 0.9674418611111112 0.39761904861111114 0.9651162800925925 0.4095238101851852 0.9348837199074075 0.4178571435185185 0.9395348842592592 0.4273809513888889 0.9325581388888889 0.4416666666666667 0.8976744189814815 0.44523809490740746 0.9 0.4547619050925926 0.8837209305555556 0.4595238101851852 0.8837209305555556 0.5047619050925926 0.8209302314814815 0.5154761898148148 0.8209302314814815 0.5261904768518518 0.804651162037037 0.5333333333333333 0.7790697685185185 0.5321428564814815 0.7441860462962964 0.5178571435185185 0.695348837962963 0.5023809513888889 0.6744186041666667 0.4952380949074074 0.6744186041666667 0.21785714351851854 0.995348837962963 0.3880952384259259 0.9930232569444444 0.38452381018518517 0.981395349537037 0.3904761898148148 0.9837209305555555
1 0.5380952384259259 0.9976744189814815 0.5595238101851852 0.9790697685185186 0.6142857152777778 0.9069767430555556 0.6333333333333334 0.895348837962963 0.6428571435185185 0.8720930231481482 0.6416666666666666 0.8279069768518519 0.6333333333333334 0.7906976736111111 0.6154761898148148 0.7511627916666667 0.6095238101851851 0.7511627916666667 0.6083333333333334 0.7488372083333333 0.5702380949074074 0.7906976736111111 0.5523809513888889 0.8 0.39166666666666666 0.9976744189814815 0.5380952384259259 0.9976744189814815
1 0.847619048611111 0.8209302314814815 0.8773809513888889 0.7883720925925927 0.9142857152777778 0.732558138888889 0.9988095231481481 0.6255813958333334 0.9988095231481481 0.47441860416666665 0.9976190486111111 0.47441860416666665 0.8 0.718604650462963 0.7928571435185185 0.7348837199074074 0.8380952384259259 0.8209302314814815 0.847619048611111 0.8209302314814815
1 0.7071428564814815 0.9744186041666667 0.697619048611111 0.9325581388888889 0.6845238101851853 0.8976744189814815 0.6690476180555556 0.8883720925925926 0.6678571435185185 0.886046511574074 0.65 0.9023255810185185 0.5809523819444444 0.995348837962963 0.7059523819444444 0.9976744189814815 0.7071428564814815 0.9744186041666667
1 0.6619047615740741 0.46744186111111113 0.925 0.15116279166666666 0.9321428564814815 0.09534883796296295 0.925 0.055813953703703706 0.9119047615740741 0.03488371990740741 0.9071428564814815 0.03488371990740741 0.6892857152777778 0.2744186041666667 0.5880952384259259 0.3976744189814814 0.6404761898148149 0.47209302314814816 0.6619047615740741 0.46744186111111113
1 0.7059523819444444 0.5720930231481481 0.7178571435185185 0.5674418611111111 0.7238095231481482 0.5767441851851852 0.736904761574074 0.5697674421296296 0.7321428564814815 0.5651162800925926 0.736904761574074 0.5651162800925926 0.7404761898148148 0.5534883726851851 0.7476190486111111 0.5534883726851851 0.7511904768518519 0.5395348842592592 0.7607142847222222 0.5395348842592592 0.775 0.5255813958333333 0.7857142847222222 0.5116279074074074 0.7880952384259259 0.495348837962963 0.7988095231481481 0.495348837962963 0.7952380949074075 0.4906976736111111 0.7988095231481481 0.4837209305555556 0.847619048611111 0.4348837199074074 0.8547619050925925 0.4232558148148148 0.8547619050925925 0.41395348842592594 0.8654761898148148 0.40930232638888886 0.8654761898148148 0.3976744189814814 0.888095238425926 0.3860465115740741 0.8928571435185185 0.3627906967592593 0.9154761898148147 0.34186046527777775 0.9154761898148147 0.3325581388888889 0.927380951388889 0.3139534884259259 0.9380952384259259 0.3093023263888889 0.9797619050925925 0.26046511574074077 0.988095238425926 0.23720930324074074 0.9857142847222222 0.21395348842592593 0.9892857152777778 0.19534883796296296 0.9785714282407407 0.1534883726851852 0.9642857152777778 0.13953488425925925 0.9619047615740741 0.13953488425925925 0.9261904768518519 0.16976744212962963 0.675 0.45813953472222224 0.6535714282407407 0.4906976736111111 0.7059523819444444 0.5720930231481481
1 0.8095238101851853 0.6790697685185185 0.8261904768518519 0.6511627916666667 0.8380952384259259 0.6418604652777778 0.8416666666666667 0.6302325578703704 0.8523809513888888 0.6255813958333334 0.8666666666666666 0.595348837962963 0.886904761574074 0.5813953495370371 0.9095238101851852 0.5418604652777778 0.9178571435185185 0.5418604652777778 0.9202380949074075 0.5279069768518518 0.9416666666666667 0.5116279074074074 0.9523809513888888 0.4906976736111111 0.9630952384259259 0.4860465115740741 0.9773809513888888 0.4604651157407407 0.9988095231481481 0.4418604652777778 0.9988095231481481 0.27209302314814815 0.9916666666666666 0.27209302314814815 0.7309523819444445 0.5860465115740741 0.722619048611111 0.604651162037037 0.7761904768518518 0.7023255810185185 0.8095238101851853 0.6790697685185185
1 0 0.8186046504629629 0.010714284722222222 0.8186046504629629 0.015476189814814814 0.804651162037037 0.03928571527777778 0.7883720925925927 0.04285714351851851 0.7767441851851852 0.05476190509259259 0.7744186041666666 0.075 0.7558139537037036 0.08452381018518518 0.7372093032407407 0.12619047685185183 0.6976744189814815 0.17380952314814813 0.6372093032407408 0.23809523842592592 0.5767441851851852 0.2869047615740741 0.5186046504629629 0.31309523842592596 0.5023255810185185 0.31309523842592596 0.4418604652777778 0.3071428564814815 0.4162790694444445 0.2928571435185185 0.3883720925925926 0.2857142847222222 0.3837209305555555 0.28214285648148146 0.3837209305555555 0.1797619050925926 0.48139534953703705 0 0.6744186041666667 0 0.8186046504629629
0 0.6452380949074075 0 0.43809523842592596 0.21627906944444444 0.5047619050925926 0.2883720925925926 0.5154761898148148 0.2906976736111111 0.5214285717592593 0.2767441851851852 0.5309523819444445 0.2744186041666667 0.5678571435185186 0.23488371990740742 0.5845238101851852 0.20697674305555558 0.5952380949074074 0.20465116203703704 0.597619048611111 0.19302325694444444 0.6083333333333334 0.19069767361111112 0.6107142847222222 0.17906976851851852 0.6226190486111111 0.17441860416666669 0.6464285717592593 0.13720930324074074 0.6654761898148147 0.12325581481481482 0.6833333333333333 0.09534883796296295 0.7059523819444444 0.07906976851851853 0.7452380949074074 0.030232557870370373 0.7535714282407407 0.027906976851851853 0.761904761574074 0.013953488425925926 0.763095238425926 0 0.7568916666666666 0 0.6452380949074075 0
1 0.5833333333333334 0.381395349537037 0.6226190486111111 0.34651162731481483 0.6333333333333334 0.33023255787037037 0.6333333333333334 0.3162790694444444 0.6404761898148149 0.3162790694444444 0.6488095231481481 0.3023255810185185 0.6535714282407407 0.3093023263888889 0.6571428564814815 0.2930232569444444 0.6714285717592593 0.2883720925925926 0.6988095231481481 0.25116279166666666 0.7202380949074074 0.23255813888888888 0.7238095231481482 0.2209302314814815 0.7440476180555555 0.20465116203703704 0.7583333333333334 0.17906976851851852 0.761904761574074 0.18139534953703704 0.7714285717592593 0.1651162800925926 0.7761904768518518 0.1651162800925926 0.7809523819444444 0.15116279166666666 0.7904761898148147 0.14883720833333333 0.8142857152777778 0.12093023148148149 0.825 0.08372093055555556 0.825 0.053488372685185186 0.8142857152777778 0.00930232638888889 0.7976190486111112 0.004651162037037037 0.7964285717592593 0.004651162037037037 0.6988095231481481 0.10232558101851852 0.5380952384259259 0.2790697685185185 0.5202380949074074 0.30697674305555556 0.5833333333333334 0.381395349537037