1 0.4583333333333333 0.6720779212962964 0.4895833333333333 0.6850649351851852 0.5375 0.6525974027777778 0.5645833333333333 0.5844155833333333 0.5666666666666667 0.5422077916666667 0.5395833333333333 0.4805194814814815 0.5187499999999999 0.4642857152777778 0.4645833333333333 0.5519480509259259 0.4270833333333333 0.5681818171296297 0.3958333333333333 0.6331168842592592 0.39375 0.6753246759259258 0.4041666666666667 0.7110389606481482 0.4479166666666667 0.6980519490740741 0.4583333333333333 0.6720779212962964
1 0.8875 0.4025974027777778 0.8520833333333334 0.34090909027777777 0.8166666666666667 0.36688311574074073 0.8041666666666666 0.40584415509259264 0.8291666666666666 0.4318181828703704 0.8666666666666666 0.4025974027777778 0.8875 0.4025974027777778
1 0.3708333333333333 0.5779220787037037 0.35625 0.5714285717592593 0.33125 0.5844155833333333 0.32708333333333334 0.6006493495370371 0.3333333333333333 0.613636363425926 0.35625 0.6201298703703704 0.3708333333333333 0.5779220787037037
0 0 0.9707792199074073 0.00625 0.9837662337962962 0.01875 0.9902597407407407 0.035416666666666666 0.9740259745370371 0.029166666666666667 0.9090909097222223 0.03958333333333334 0.8928571435185185 0.09166666666666667 0.863636363425926 0.1125 0.8766233773148149 0.12916666666666665 0.9058441550925926 0.13749999999999998 0.9935064930555555 0.3458333333333333 0.9935064930555555 0.36875 0.9545454537037037 0.4270833333333333 0.9935064930555555 0.4791666666666667 0.9935064930555555 0.59375 0.8116883125000001 0.6958333333333334 0.6785714282407407 0.7208333333333333 0.7305194814814814 0.6979166666666666 0.7564935069444445 0.68125 0.798701298611111 0.6729166666666666 0.837662337962963 0.6770833333333334 0.9253246759259258 0.7229166666666667 0.9805194814814814 0.76875 0.9837662337962962 0.78125 0.9740259745370371 0.7979166666666666 0.9837662337962962 0.81875 0.9480519490740741 0.8208333333333334 0.9220779212962964 0.8625 0.8084415578703704 0.8625 0.701298701388889 0.8541666666666666 0.6590909097222223 0.8270833333333334 0.613636363425926 0.8666666666666666 0.5714285717592593 0.9125 0.5649350648148148 0.9979166666666667 0.5194805185185185 0.9979166666666667 0.3733766226851852 0.9666666666666667 0.3636363634259259 0.9520833333333334 0.3344155833333333 0.9208333333333334 0.3311688310185185 0.86875 0.35714285648148153 0.5375 0.4610389606481482 0.5208333333333334 0.44480519444444444 0.5208333333333334 0.4123376620370371 0.53125 0.399350650462963 0.5354166666666667 0.3701298703703704 0.5291666666666667 0.3344155833333333 0.5375 0.3149350648148148 0.5354166666666667 0.2857142847222222 0.5187499999999999 0.2467532476851852 0.425 0.1850649351851852 0.38958333333333334 0.18831168750000002 0.35833333333333334 0.24025974074074075 0.3666666666666667 0.2857142847222222 0.35833333333333334 0.2987012986111111 0.375 0.3344155833333333 0.4104166666666667 0.35389610416666667 0.4291666666666667 0.350649349537037 0.4458333333333333 0.36688311574074073 0.43125 0.4155844166666667 0.39375 0.4707792199074074 0.375 0.4870129861111111 0.3479166666666667 0.4837662337962963 0.3395833333333333 0.5194805185185185 0.31875 0.5 0.3166666666666667 0.4837662337962963 0.2729166666666667 0.4642857152777778 0.27708333333333335 0.4805194814814815 0.3020833333333333 0.4967532476851852 0.28750000000000003 0.5389610393518518 0 0.6201298703703704 0 0.9707792199074073
0 0.3083333333333333 0 0.2583333333333333 0.12012987037037037 0.23958333333333334 0.2207792199074074 0.2375 0.3181818171296296 0.2583333333333333 0.42857142824074074 0.2791666666666667 0.4675324675925926 0.32916666666666666 0.5097402592592593 0.3416666666666667 0.5487012986111112 0.3645833333333333 0.5649350648148148 0.3729166666666667 0.5616883125 0.3729166666666667 0.5487012986111112 0.3791666666666667 0.5551948055555556 0.3958333333333333 0.5454545462962963 0.4166666666666667 0.5616883125 0.4354166666666667 0.5584415578703704 0.45625 0.5487012986111112 0.4625 0.5324675324074074 0.48125 0.5194805185185185 0.525 0.4318181828703704 0.5375 0.3603896111111111 0.5354166666666667 0.28896103935185186 0.5187499999999999 0.25 0.43125 0.18831168750000002 0.3958333333333333 0.18831168750000002 0.3708333333333333 0.21428571527777776 0.35833333333333334 0.24350649305555555 0.35833333333333334 0.2987012986111111 0.38125 0.34090909027777777 0.39166666666666666 0.34090909027777777 0.43125 0.3766233773148148 0.4395833333333333 0.35389610416666667 0.4291666666666667 0.32467532407407407 0.43125 0.2987012986111111 0.45416666666666666 0.27272727314814815 0.4604166666666667 0.3019480509259259 0.4479166666666667 0.3701298703703704 0.42083333333333334 0.4350649351851852 0.3791666666666667 0.4837662337962963 0.3520833333333333 0.49350649305555555 0.32916666666666666 0.44480519444444444 0.3166666666666667 0.350649349537037 0.325 0.2305194814814815 0.35625 0.12012987037037037 0.4166666666666667 0.012987013888888888 0.4166666666666667 0 0.4058333333333333 0 0.3083333333333333 0
0 0.8958333333333334 0 0.88125 0.16558441666666665 0.8916666666666666 0.23701298611111113 0.9770833333333334 0.3376623379629629 0.9875 0.34090909027777777 0.9875 0.350649349537037 0.9958333333333333 0.35389610416666667 0.9895833333333334 0.35714285648148153 0.9979166666666667 0.35714285648148153 0.9979166666666667 0.3279220787037037 0.9895833333333334 0.3279220787037037 0.975 0.30519480555555556 0.9770833333333334 0.28896103935185186 0.9625 0.22727272685185188 0.9645833333333333 0.12012987037037037 0.9854166666666666 0 0.97421875 0 0.8958333333333334 0
0 0.625 0 0.90625 0.3149350648148148 0.9979166666666667 0.36688311574074073 0.9979166666666667 0.34415584490740736 0.91875 0.27597402546296296 0.6791666666666666 0 0.6683333333333334 0 0.625 0
0 0 0.25974025925925925 0.03958333333333334 0.2954545462962963 0.3041666666666667 0.5227272731481482 0.325 0.5389610393518518 0.34375 0.5389610393518518 0.32916666666666666 0.5129870138888889 0.004166666666666667 0.2305194814814815 0 0.2305194814814815 0 0.25974025925925925
0 0.8166666666666667 0.8116883125000001 0.7916666666666666 0.8701298703703704 0.7520833333333333 0.9350649351851852 0.71875 0.9318181828703703 0.7145833333333333 0.8668831157407408 0.7229166666666667 0.8311688310185185 0.7375 0.8246753240740742 0.7604166666666666 0.8474025972222222 0.7708333333333334 0.8474025972222222 0.7875 0.8344155833333333 0.7916666666666666 0.8149350648148148 0.79375 0.7727272731481482 0.7479166666666667 0.7272727268518518 0.7333333333333334 0.7240259745370371 0.7125 0.7370129861111111 0.69375 0.7662337662037038 0.6770833333333334 0.8149350648148148 0.6770833333333334 0.9220779212962964 0.7270833333333334 0.9772727268518518 0.7604166666666666 0.9805194814814814 0.8041666666666666 0.951298701388889 0.8583333333333334 0.8246753240740742 0.8645833333333334 0.75 0.8604166666666666 0.701298701388889 0.8479166666666667 0.6558441550925926 0.8145833333333333 0.6071428564814815 0.8020833333333334 0.6071428564814815 0.7979166666666666 0.613636363425926 0.8166666666666667 0.6493506504629629 0.8270833333333334 0.7045454537037037 0.8166666666666667 0.8116883125000001
0 0.33125 0.8831168842592592 0.325 0.9350649351851852 0.3083333333333333 0.9480519490740741 0.3145833333333333 0.9545454537037037 0.3041666666666667 0.9707792199074073 0.29583333333333334 0.9707792199074073 0.3 0.9610389606481482 0.29375 0.9545454537037037 0.3020833333333333 0.9350649351851852 0.29791666666666666 0.9188311689814815 0.26458333333333334 0.8928571435185185 0.24791666666666665 0.8961038958333333 0.22916666666666666 0.9220779212962964 0.225 0.9448051944444444 0.22708333333333333 0.9740259745370371 0.2375 0.9967532476851851 0.34375 0.9967532476851851 0.3541666666666667 0.9870129861111111 0.36875 0.9415584421296296 0.375 0.8928571435185185 0.3666666666666667 0.8311688310185185 0.3416666666666667 0.7857142847222222 0.32916666666666666 0.7857142847222222 0.3208333333333333 0.798701298611111 0.3333333333333333 0.8409090902777777 0.32708333333333334 0.8538961041666667 0.33125 0.8831168842592592
1 0.6229166666666667 0.9870129861111111 0.625 0.9967532476851851 0.81875 0.9967532476851851 0.825 0.9870129861111111 0.8145833333333333 0.9707792199074073 0.7604166666666666 0.9870129861111111 0.7291666666666666 0.9837662337962962 0.6708333333333334 0.9318181828703703 0.6645833333333334 0.9318181828703703 0.6375 0.9642857152777778 0.6354166666666666 0.9837662337962962 0.6291666666666667 0.9772727268518518 0.6229166666666667 0.9870129861111111