0 0.3758680555555556 0.8611111111111112 0.5607638888888888 0.2769097222222222
0 0.8246527777777778 0.8810763888888888 0.3428819444444444 0.23697916666666666
0 0.7829861111111112 0.6006944444444444 0.4262152777777778 0.3559027777777778
0 0.3802083333333333 0.6076388888888888 0.3993055555555556 0.3090277777777778
0 0.4453125 0.2986111111111111 0.4522569444444444 0.3289930555555556
0 0.828125 0.2751736111111111 0.3333333333333333 0.34375
0 0.11458333333333333 0.6623263888888888 0.22569444444444445 0.6371527777777778
0 0.3854166666666667 0.0798611111111111 0.2986111111111111 0.1527777777777778
0 0.7795138888888888 0.07465277777777778 0.4236111111111111 0.1423611111111111
0 0.11805555555555555 0.2595486111111111 0.2326388888888889 0.2048611111111111
0 0.12152777777777778 0.1232638888888889 0.2421875 0.13368055555555555
0 0.13541666666666666 0.041666666666666664 0.2638888888888889 0.08333333333333333