0 0.8100180041152263 0.8612847222222223 0.3354423868312758 0.27743055555555546
0 0.8789351851851852 0.6101273148148149 0.21432613168724282 0.32854938271604933
0 0.89028420781893 0.19776234567901235 0.21824845679012325 0.28537808641975304
0 0.09750514403292182 0.47937885802469143 0.19501028806584364 0.29382716049382723
0 0.06363811728395062 0.7063271604938272 0.12727623456790124 0.2772376543209876
0 0.2994598765432099 0.3366512345679012 0.25486111111111115 0.29220679012345685
0 0.8609374999999999 0.366820987654321 0.2643389917695475 0.2024691358024692
0 0.24342849794238683 0.6435956790123457 0.2999228395061728 0.4086419753086419
0 0.1111111111111111 0.1595679012345679 0.2222222222222222 0.31867283950617287
0 0.5987461419753086 0.29780092592592594 0.3715277777777778 0.25057870370370366
0 0.6815264917695474 0.9453221450617283 0.44483024691358014 0.10935570987654349
0 0.3642875514403292 0.8964409722222223 0.22518004115226337 0.20711805555555549
0 0.1519483024691358 0.8809606481481481 0.2951388888888889 0.23807870370370368
0 0.4852237654320988 0.4622492283950618 0.37321244855967073 0.24891975308641973