0 0.38862525720164615 0.852758487654321 0.5648791152263375 0.29023919753086425
0 0.8320408950617284 0.8627507716049383 0.3359182098765431 0.24374999999999977
0 0.7878536522633746 0.5832947530864198 0.424292695473251 0.3653935185185186
0 0.38921039094650206 0.5991898148148148 0.40388374485596706 0.3179012345679012
0 0.44973636831275715 0.2887152777777777 0.456275720164609 0.33989197530864196
0 0.831494341563786 0.25677083333333334 0.33701131687242797 0.35115740740740736
0 0.12439557613168725 0.6597800925925925 0.23513374485596708 0.6421682098765432
0 0.38659979423868307 0.07550154320987654 0.3008744855967078 0.15100308641975307
0 0.7806198559670782 0.06660879629629629 0.4257201646090534 0.13321759259259258
0 0.12190072016460905 0.2569251543209876 0.23567386831275725 0.21003086419753086
0 0.1233539094650206 0.12056327160493827 0.24503600823045268 0.13908179012345678
0 0.13603395061728396 0.04162808641975309 0.26512345679012345 0.08325617283950618