0 0.17881944444444445 0.3307291666666667 0.2630208333333333 0.19618055555555555
0 0.2074652777777778 0.5659722222222222 0.4027777777777778 0.3541666666666667
0 0.4921875 0.8428819444444444 0.2265625 0.3142361111111111
0 0.07552083333333333 0.8151041666666666 0.1501736111111111 0.359375
0 0.1987847222222222 0.8880208333333334 0.1267361111111111 0.22135416666666666
0 0.1605902777777778 0.1857638888888889 0.13368055555555555 0.1449652777777778
0 0.3645833333333333 0.1484375 0.2760416666666667 0.15625
0 0.9036458333333334 0.1970486111111111 0.1918402777777778 0.3194444444444444
0 0.7057291666666666 0.7543402777777778 0.2569444444444444 0.3402777777777778
0 0.3342013888888889 0.859375 0.12760416666666666 0.2777777777777778
0 0.0546875 0.2048611111111111 0.10850694444444445 0.1753472222222222
0 0.6467013888888888 0.5121527777777778 0.2222222222222222 0.2092013888888889
0 0.6171875 0.3003472222222222 0.21875 0.2526041666666667
0 0.4114583333333333 0.3116319444444444 0.23524305555555555 0.19791666666666666
0 0.6770833333333334 0.10850694444444445 0.3472222222222222 0.14756944444444445
0 0.7751736111111112 0.2934027777777778 0.20052083333333334 0.2760416666666667
0 0.3576388888888889 0.04600694444444445 0.15104166666666666 0.08854166666666667
0 0.6276041666666666 0.03298611111111111 0.2074652777777778 0.06336805555555555
0 0.9409722222222222 0.5034722222222222 0.11024305555555555 0.1623263888888889