0 0.17846875 0.3305138888888889 0.2629375 0.19606944444444444
0 0.20764062499999997 0.5655416666666666 0.40258593749999994 0.35438888888888886
0 0.4921875 0.8428888888888889 0.2268046875 0.31401388888888887
0 0.0751328125 0.8151111111111111 0.150265625 0.35980555555555555
0 0.198484375 0.8880277777777777 0.126828125 0.22156944444444446
0 0.1605234375 0.18608333333333332 0.133421875 0.1446388888888889
0 0.3649921875 0.14865277777777777 0.2756328125 0.1564722222222222
0 0.9033203125 0.19737500000000002 0.1922578125 0.31922222222222224
0 0.7060546875 0.7543472222222222 0.257328125 0.34005555555555556
0 0.333984375 0.8589444444444445 0.1279296875 0.27799999999999997
0 0.0546875 0.20508333333333334 0.108578125 0.17502777777777778
0 0.646484375 0.5121527777777778 0.2224140625 0.20941666666666667
0 0.6171875 0.29991666666666666 0.2189921875 0.25281944444444443
0 0.4111328125 0.3118472222222222 0.23547656250000001 0.1981388888888889
0 0.67725 0.10818055555555556 0.3474140625 0.14725
0 0.775390625 0.29318055555555556 0.2001953125 0.27626388888888886
0 0.3579140625 0.04613888888888889 0.1507578125 0.08816666666666666
0 0.6274453125 0.03270833333333333 0.2072734375 0.06352777777777778
0 0.94140625 0.5039027777777778 0.10992187499999999 0.16243055555555555