0 0.1545390625 0.8350694444444444 0.3044453125 0.32530555555555557
0 0.42944531250000006 0.8958333333333334 0.3188515625 0.20508333333333334
0 0.8422890625000001 0.8954027777777779 0.2756328125 0.20920833333333333
0 0.525390625 0.10211111111111111 0.28515625 0.20420833333333333
0 0.29809375 0.072375 0.2705078125 0.14475
0 0.67725 0.3090277777777778 0.281984375 0.24609722222222222
0 0.6728515625 0.87125 0.1898203125 0.2574861111111111
0 0.36840625 0.26258333333333334 0.3962421875 0.2881944444444444
0 0.8459453124999999 0.11447222222222223 0.308109375 0.21593055555555554
0 0.7290078125 0.6067777777777777 0.23474218750000003 0.36545833333333333
0 0.0659765625 0.7092083333333333 0.1298828125 0.4409722222222222
0 0.11102343750000002 0.39084722222222223 0.2163125 0.2177777777777778
0 0.12213281250000001 0.17773611111111112 0.234375 0.2877638888888889
0 0.5600625 0.4982638888888889 0.2333984375 0.36675