0 0.3759765625 0.8603515625 0.5615234375 0.27734375
0 0.8232421875 0.880859375 0.341796875 0.23828125
0 0.783203125 0.6015625 0.42578125 0.35546875
0 0.380859375 0.6083984375 0.3994140625 0.30859375
0 0.4453125 0.298828125 0.4521484375 0.3291015625
0 0.828125 0.275390625 0.333984375 0.34375
0 0.1142578125 0.662109375 0.2265625 0.6376953125
0 0.3857421875 0.0791015625 0.298828125 0.1533203125
0 0.779296875 0.0751953125 0.423828125 0.142578125
0 0.1181640625 0.259765625 0.232421875 0.2041015625
0 0.12109375 0.1240234375 0.2421875 0.1337890625
0 0.1357421875 0.0419921875 0.263671875 0.083984375