0 0.197265625 0.24305555555555555 0.27734375 0.26666666666666666
0 0.209765625 0.4826388888888889 0.41953125 0.4625
0 0.46171875 0.825 0.2515625 0.35
0 0.07109375 0.6930555555555555 0.1421875 0.3972222222222222
0 0.16796875 0.7993055555555556 0.14453125 0.25416666666666665
0 0.1921875 0.09583333333333334 0.14453125 0.18055555555555555
0 0.39765625 0.11527777777777778 0.2859375 0.23055555555555557
0 0.9078125 0.3125 0.184375 0.36944444444444446
0 0.68125 0.8020833333333334 0.284375 0.3958333333333333
0 0.304296875 0.8083333333333333 0.15078125 0.30972222222222223
0 0.085546875 0.09305555555555556 0.12265625 0.18611111111111112
0 0.64375 0.5527777777777778 0.23828125 0.26805555555555555
0 0.633203125 0.3347222222222222 0.23828125 0.3111111111111111
0 0.42890625 0.28958333333333336 0.25 0.2611111111111111
0 0.709375 0.1625 0.35625 0.24166666666666667
0 0.790234375 0.37222222222222223 0.221875 0.32916666666666666
0 0.399609375 0.03819444444444445 0.15703125 0.0763888888888889
0 0.6671875 0.07361111111111111 0.21015625 0.12083333333333333
0 0.935546875 0.6263888888888889 0.12265625 0.19166666666666668