1 0.1109375 0.12890625 0.19140625 0.18984375
1 0.3421875 0.08671875 0.17265625 0.17265625
1 0.4421875 0.09140625 0.1046875 0.1734375
1 0.42265625 0.21640625 0.23125 0.2109375
1 0.60859375 0.20234375 0.16796875 0.2671875
1 0.24140625 0.19453125 0.1328125 0.18515625
1 0.10703125 0.31328125 0.11171875 0.14765625
1 0.21640625 0.32421875 0.1484375 0.196875
1 0.1140625 0.4796875 0.15390625 0.15078125
1 0.24140625 0.48359375 0.134375 0.284375
1 0.3359375 0.34609375 0.1640625 0.190625
1 0.40859375 0.478125 0.1984375 0.240625
1 0.48671875 0.3609375 0.16953125 0.24140625
1 0.60625 0.4203125 0.1234375 0.2421875
1 0.52734375 0.575 0.1453125 0.18359375
1 0.4359375 0.675 0.1859375 0.1609375
1 0.28828125 0.671875 0.14921875 0.2125
1 0.1453125 0.609375 0.159375 0.23046875