1 0.08671875 0.24921875 0.17265625 0.3625
1 0.26640625 0.11484375 0.23359375 0.2296875
1 0.2859375 0.43359375 0.35078125 0.4140625
1 0.48203125 0.25 0.22109375 0.35546875
1 0.4875 0.0453125 0.221875 0.090625
1 0.684375 0.1203125 0.271875 0.240625
1 0.80390625 0.378125 0.2796875 0.4515625
1 0.921875 0.18828125 0.15625 0.3671875
1 0.95234375 0.54609375 0.09453125 0.246875
1 0.8453125 0.80625 0.309375 0.3875
1 0.60703125 0.959375 0.1796875 0.08125
1 0.34921875 0.80234375 0.36484375 0.3953125
1 0.5953125 0.63046875 0.33046875 0.5875
1 0.11875 0.65703125 0.23046875 0.440625