1 0.46875 0.1640625 0.321875 0.32734375
1 0.69375 0.240625 0.2421875 0.32421875
1 0.821875 0.06640625 0.2578125 0.1328125
1 0.17265625 0.1390625 0.25390625 0.27578125
1 0.2875 0.5109375 0.32421875 0.36015625
1 0.16875 0.78671875 0.2484375 0.41328125
1 0.4359375 0.83125 0.36015625 0.33125
1 0.0453125 0.38828125 0.090625 0.3234375
1 0.584375 0.49921875 0.2984375 0.40703125
1 0.9 0.66953125 0.19921875 0.37734375
1 0.8984375 0.89140625 0.203125 0.2171875
1 0.7046875 0.909375 0.190625 0.18125
1 0.6703125 0.73359375 0.259375 0.2421875
1 0.8109375 0.4140625 0.19453125 0.34375
1 0.96484375 0.2640625 0.0703125 0.4046875
1 0.89140625 0.13125 0.2078125 0.2625