1 0.06171875 0.59453125 0.09140625 0.20859375
1 0.1359375 0.31015625 0.09296875 0.30078125
1 0.2359375 0.13671875 0.1078125 0.2
1 0.23359375 0.52734375 0.0765625 0.19140625
1 0.1140625 0.77734375 0.10859375 0.2
1 0.3171875 0.4984375 0.078125 0.27421875
1 0.40078125 0.56640625 0.1109375 0.24375
1 0.5375 0.1515625 0.1109375 0.290625
1 0.53984375 0.42890625 0.1453125 0.2234375
1 0.6546875 0.28125 0.0859375 0.3203125
1 0.75078125 0.39296875 0.08984375 0.28359375
1 0.7859375 0.15625 0.09140625 0.27734375
1 0.8640625 0.27265625 0.1109375 0.240625
1 0.965625 0.27734375 0.06796875 0.23203125
1 0.88671875 0.071875 0.10546875 0.13125
1 0.903125 0.50234375 0.1 0.23515625
1 0.9421875 0.625 0.11484375 0.296875
1 0.67890625 0.56953125 0.16015625 0.23828125
1 0.678125 0.78671875 0.10703125 0.18984375
1 0.81640625 0.7203125 0.12890625 0.18515625
1 0.9140625 0.81171875 0.13671875 0.26015625