1 0.26796875 0.36015625 0.13359375 0.16171875
1 0.21484375 0.5828125 0.12578125 0.2453125
1 0.33125 0.49453125 0.09375 0.23359375
1 0.42265625 0.553125 0.159375 0.21796875
1 0.40859375 0.375 0.08828125 0.1140625
1 0.49453125 0.42109375 0.11953125 0.14296875
1 0.54921875 0.29296875 0.15234375 0.16015625
1 0.634375 0.4 0.11953125 0.16171875
1 0.734375 0.52109375 0.18125 0.1921875
1 0.73671875 0.6828125 0.1703125 0.2296875
1 0.5796875 0.5515625 0.1484375 0.21796875
1 0.5875 0.76796875 0.15703125 0.2421875
1 0.4359375 0.7765625 0.1875 0.27421875
1 0.29296875 0.73984375 0.1515625 0.23359375