1 0.12421875 0.740625 0.11484375 0.12109375
1 0.1421875 0.64375 0.08203125 0.1046875
1 0.21953125 0.634375 0.09375 0.11953125
1 0.32578125 0.72109375 0.1015625 0.1359375
1 0.24140625 0.728125 0.08203125 0.08125
1 0.21953125 0.5203125 0.06171875 0.10625
1 0.278125 0.54921875 0.0765625 0.14296875
1 0.271875 0.44609375 0.0578125 0.06796875
1 0.19453125 0.3625 0.08125 0.11015625
1 0.1421875 0.43203125 0.07734375 0.075
1 0.02578125 0.51171875 0.05078125 0.1015625
1 0.321875 0.2546875 0.1734375 0.27578125
1 0.52734375 0.1609375 0.059375 0.096875
1 0.45234375 0.190625 0.10078125 0.10625
1 0.3953125 0.28359375 0.1171875 0.14765625
1 0.43203125 0.4109375 0.1015625 0.11171875
1 0.35 0.440625 0.0859375 0.09296875
1 0.39375 0.5296875 0.1109375 0.125
1 0.38984375 0.646875 0.10546875 0.1
1 0.48125 0.31328125 0.09140625 0.08203125
1 0.58671875 0.3875 0.11328125 0.11953125
1 0.49296875 0.4859375 0.1203125 0.11484375
1 0.48671875 0.60546875 0.09140625 0.08515625
1 0.45625 0.7 0.06484375 0.08359375
1 0.39921875 0.790625 0.084375 0.06796875
1 0.64765625 0.7140625 0.3546875 0.459375
1 0.74140625 0.3640625 0.25703125 0.3203125
1 0.84296875 0.45390625 0.30078125 0.60703125
1 0.86015625 0.828125 0.090625 0.11953125
1 0.83515625 0.90859375 0.1484375 0.06796875