1 0.265625 0.3984375 0.16953125 0.19609375
1 0.07734375 0.396875 0.10859375 0.15859375
1 0.05546875 0.53828125 0.1046875 0.25078125
1 0.11484375 0.66953125 0.2015625 0.20859375
1 0.1578125 0.83203125 0.19609375 0.18828125
1 0.29453125 0.71796875 0.190625 0.16640625
1 0.38515625 0.85625 0.240625 0.17265625
1 0.33046875 0.54921875 0.16484375 0.13359375
1 0.403125 0.62109375 0.17265625 0.16953125
1 0.42109375 0.4609375 0.10390625 0.16640625
1 0.52890625 0.5625 0.16875 0.1796875
1 0.59765625 0.465625 0.1484375 0.140625
1 0.78125 0.46015625 0.19453125 0.17109375
1 0.94296875 0.446875 0.10234375 0.14609375
1 0.7203125 0.5578125 0.16171875 0.165625
1 0.60625 0.62578125 0.17578125 0.15390625
1 0.496875 0.7515625 0.1515625 0.18671875
1 0.63125 0.88671875 0.1953125 0.1578125
1 0.70625 0.74140625 0.1984375 0.20703125
1 0.8609375 0.85859375 0.215625 0.1796875
1 0.9140625 0.7328125 0.171875 0.20703125
1 0.85625 0.6375 0.17890625 0.16796875
1 0.9734375 0.5890625 0.05234375 0.1640625
1 0.97421875 0.884375 0.0515625 0.19296875
1 0.35234375 0.25390625 0.11875 0.1015625
1 0.453125 0.22890625 0.07890625 0.0765625
1 0.440625 0.27890625 0.0875 0.08671875
1 0.5640625 0.18984375 0.10078125 0.08671875
1 0.58515625 0.24921875 0.17578125 0.10859375
1 0.6 0.29296875 0.1703125 0.0796875
1 0.709375 0.2796875 0.075 0.12890625
1 0.66484375 0.2078125 0.08203125 0.0984375
1 0.76875 0.1875 0.09609375 0.08359375
1 0.77109375 0.24140625 0.07578125 0.1140625
1 0.603125 0.103125 0.0640625 0.04609375
1 0.51875 0.07734375 0.06484375 0.07109375
1 0.5875 0.04453125 0.06015625 0.0578125
1 0.43515625 0.0671875 0.10234375 0.08828125
1 0.35078125 0.07265625 0.07890625 0.06328125
1 0.6640625 0.059375 0.06484375 0.08125