1 0.1765625 0.16171875 0.22890625 0.25078125
1 0.16953125 0.49921875 0.15234375 0.196875
1 0.14140625 0.83984375 0.0890625 0.140625
1 0.2359375 0.81640625 0.08671875 0.17109375
1 0.46640625 0.7921875 0.071875 0.140625
1 0.5546875 0.85390625 0.1296875 0.1859375
1 0.4421875 0.57109375 0.18125 0.221875
1 0.5359375 0.4765625 0.221875 0.27734375
1 0.5234375 0.15703125 0.18125 0.1984375
1 0.76015625 0.15625 0.08359375 0.1171875
1 0.85 0.16015625 0.09296875 0.184375
1 0.90859375 0.16328125 0.065625 0.1203125
1 0.83828125 0.50546875 0.259375 0.2203125
1 0.84296875 0.75703125 0.08359375 0.08828125
1 0.80625 0.82734375 0.07578125 0.096875
1 0.759375 0.91015625 0.06875 0.1015625
1 0.853125 0.9 0.0875 0.115625
1 0.890625 0.82890625 0.06328125 0.08359375
1 0.92890625 0.90234375 0.09609375 0.1375