1 0.22734375 0.803125 0.2859375 0.24375
1 0.52890625 0.87734375 0.3171875 0.20859375
1 0.2625 0.546875 0.21015625 0.2265625
1 0.53828125 0.5734375 0.2515625 0.3046875
1 0.81015625 0.5890625 0.23671875 0.32421875
1 0.78515625 0.3109375 0.221875 0.1390625
1 0.565625 0.29140625 0.2171875 0.12734375
1 0.42578125 0.359375 0.16953125 0.1109375
1 0.31875 0.24375 0.20234375 0.1109375
1 0.33828125 0.08359375 0.1171875 0.12265625
1 0.5390625 0.140625 0.17421875 0.11484375
1 0.74921875 0.09140625 0.1796875 0.1390625