1 0.1390625 0.1515625 0.16953125 0.2171875
1 0.37265625 0.153125 0.11171875 0.234375
1 0.5890625 0.146875 0.209375 0.20703125
1 0.78515625 0.18828125 0.11015625 0.1265625
1 0.92890625 0.10703125 0.10859375 0.14765625
1 0.875 0.365625 0.19375 0.08046875
1 0.63515625 0.415625 0.20390625 0.15078125
1 0.40859375 0.41640625 0.16328125 0.15234375
1 0.178125 0.45234375 0.2265625 0.1765625
1 0.3125 0.64609375 0.14609375 0.16796875
1 0.5171875 0.64453125 0.140625 0.1625
1 0.70625 0.675 0.125 0.1265625
1 0.8609375 0.6140625 0.19921875 0.1453125
1 0.8515625 0.84453125 0.24921875 0.18828125
1 0.70859375 0.92265625 0.08046875 0.0515625
1 0.584375 0.8578125 0.153125 0.1265625
1 0.378125 0.86640625 0.20078125 0.140625
1 0.14921875 0.77265625 0.134375 0.3265625