1 0.31640625 0.67734375 0.203125 0.31171875
1 0.50546875 0.7375 0.12578125 0.2515625
1 0.5796875 0.67734375 0.09765625 0.23359375
1 0.69609375 0.71171875 0.1703125 0.2296875
1 0.87265625 0.64453125 0.159375 0.31328125
1 0.7890625 0.52890625 0.10703125 0.1765625
1 0.7875 0.40859375 0.10078125 0.10390625
1 0.68359375 0.56015625 0.1125 0.171875
1 0.57890625 0.5078125 0.06640625 0.16640625
1 0.6921875 0.47890625 0.10625 0.1296875
1 0.5296875 0.4296875 0.15234375 0.21640625
1 0.45 0.56953125 0.10390625 0.16875
1 0.32109375 0.41015625 0.15546875 0.16015625
1 0.19140625 0.4765625 0.2140625 0.18359375
1 0.1984375 0.565625 0.109375 0.1765625
1 0.14375 0.7234375 0.15625 0.2