1 0.2203125 0.5734375 0.1328125 0.22421875
1 0.325 0.50546875 0.12109375 0.1546875
1 0.4125 0.43125 0.1171875 0.115625
1 0.47890625 0.54296875 0.259375 0.20390625
1 0.6703125 0.55078125 0.12890625 0.159375
1 0.80078125 0.50234375 0.14921875 0.1640625
1 0.796875 0.840625 0.16484375 0.240625
1 0.6765625 0.89453125 0.11484375 0.1859375
1 0.5875 0.88828125 0.078125 0.14921875
1 0.49609375 0.90546875 0.0890625 0.13125
1 0.40703125 0.90703125 0.08515625 0.12890625
1 0.35078125 0.88125 0.05859375 0.146875
1 0.265625 0.89375 0.11953125 0.14453125
1 0.178125 0.7515625 0.2703125 0.28046875
1 0.52109375 0.24765625 0.33515625 0.30390625
1 0.73828125 0.36171875 0.10546875 0.1921875
1 0.8765625 0.34140625 0.0875 0.13515625
1 0.87890625 0.5890625 0.1109375 0.13828125