1 0.03671875 0.10390625 0.0734375 0.2078125
1 0.35859375 0.1078125 0.12109375 0.17578125
1 0.21015625 0.06640625 0.1 0.13203125
1 0.13125 0.24609375 0.26015625 0.24296875
1 0.35078125 0.31640625 0.20078125 0.175
1 0.10859375 0.47734375 0.196875 0.1375
1 0.334375 0.5109375 0.1875 0.16171875
1 0.1171875 0.66328125 0.23359375 0.134375
1 0.3421875 0.70703125 0.19140625 0.165625
1 0.15625 0.86328125 0.1453125 0.1515625
1 0.3515625 0.91953125 0.21484375 0.16015625
1 0.03515625 0.9046875 0.0671875 0.190625
1 0.6296875 0.25390625 0.12421875 0.36953125
1 0.76796875 0.20625 0.109375 0.1203125
1 0.74296875 0.42734375 0.1140625 0.28515625
1 0.78046875 0.0734375 0.1546875 0.08984375
1 0.93984375 0.09921875 0.1171875 0.1984375
1 0.93359375 0.328125 0.1328125 0.2375
1 0.91015625 0.496875 0.13046875 0.44921875
1 0.83515625 0.57734375 0.0828125 0.3640625
1 0.67890625 0.5828125 0.15390625 0.28046875
1 0.65 0.8875 0.121875 0.225
1 0.73984375 0.91171875 0.046875 0.1765625
1 0.871875 0.8546875 0.18671875 0.15390625
1 0.928125 0.96953125 0.14375 0.05