1 0.78203125 0.59375 0.18203125 0.278125
1 0.603125 0.48984375 0.11796875 0.17421875
1 0.6671875 0.1578125 0.14296875 0.1984375
1 0.45625 0.07578125 0.13671875 0.15078125
1 0.3296875 0.2546875 0.26328125 0.30859375
1 0.475 0.65234375 0.1359375 0.18671875
1 0.58046875 0.73203125 0.07265625 0.1296875
1 0.52890625 0.80546875 0.11015625 0.0921875
1 0.5953125 0.903125 0.12578125 0.17734375
1 0.70390625 0.9109375 0.10703125 0.134375
1 0.8578125 0.45078125 0.0625 0.1671875
1 0.78984375 0.39765625 0.090625 0.08125
1 0.71328125 0.41796875 0.08046875 0.06953125
1 0.6640625 0.36015625 0.08203125 0.0984375
1 0.734375 0.325 0.0640625 0.096875
1 0.80859375 0.3015625 0.08125 0.109375
1 0.77734375 0.2203125 0.07109375 0.08828125
1 0.17265625 0.5796875 0.14375 0.196875
1 0.2171875 0.71796875 0.03125 0.04921875
1 0.2078125 0.796875 0.09296875 0.078125
1 0.27578125 0.7375 0.05703125 0.09609375
1 0.28203125 0.61484375 0.04609375 0.10390625
1 0.35 0.51015625 0.06796875 0.09375
1 0.4203125 0.52578125 0.06796875 0.09375
1 0.3375 0.61328125 0.0546875 0.1359375
1 0.3921875 0.86875 0.22734375 0.2625