1 0.03359375 0.1046875 0.06640625 0.1453125
1 0.11953125 0.1625 0.1171875 0.18515625
1 0.07578125 0.3234375 0.109375 0.15078125
1 0.2328125 0.2703125 0.1046875 0.13046875
1 0.02265625 0.2328125 0.0453125 0.1078125
1 0.2734375 0.19375 0.134375 0.125
1 0.32421875 0.1046875 0.10703125 0.11640625
1 0.20703125 0.09375 0.13203125 0.0875
1 0.54296875 0.17890625 0.22109375 0.29765625
1 0.29296875 0.53984375 0.07734375 0.13515625
1 0.3421875 0.4671875 0.075 0.16015625
1 0.178125 0.35390625 0.07109375 0.13203125
1 0.24140625 0.31796875 0.33125 0.2265625
1 0.0375 0.44296875 0.075 0.0765625
1 0.0515625 0.5359375 0.08984375 0.084375
1 0.08671875 0.5953125 0.1734375 0.13828125
1 0.14453125 0.82578125 0.190625 0.321875
1 0.22421875 0.59453125 0.08203125 0.16875
1 0.34375 0.81015625 0.2125 0.37890625
1 0.50859375 0.8515625 0.08046875 0.11171875
1 0.50078125 0.71640625 0.071875 0.09921875
1 0.44140625 0.56328125 0.1875 0.18984375
1 0.56484375 0.62890625 0.08125 0.11171875
1 0.6265625 0.71328125 0.07265625 0.13359375
1 0.5671875 0.7875 0.0765625 0.11171875
1 0.53515625 0.91484375 0.11328125 0.13125
1 0.6734375 0.84453125 0.12578125 0.30546875
1 0.75234375 0.9234375 0.0671875 0.10078125
1 0.3984375 0.3921875 0.1078125 0.121875
1 0.48203125 0.40546875 0.07578125 0.1046875
1 0.5765625 0.4203125 0.0921875 0.13515625
1 0.68203125 0.46484375 0.128125 0.14765625
1 0.71328125 0.584375 0.0984375 0.12890625
1 0.71796875 0.22421875 0.13203125 0.2578125
1 0.77578125 0.10703125 0.08984375 0.10234375
1 0.83125 0.06875 0.090625 0.096875
1 0.9203125 0.1421875 0.159375 0.23203125
1 0.8875 0.46171875 0.225 0.4171875
1 0.83046875 0.79140625 0.1703125 0.34140625
1 0.95078125 0.77265625 0.09453125 0.12890625
1 0.9609375 0.890625 0.078125 0.1125
1 0.96875 0.665625 0.05703125 0.09296875