1 0.74140625 0.259375 0.0515625 0.08203125
1 0.61484375 0.20625 0.08515625 0.12578125
1 0.046875 0.403125 0.09296875 0.14375
1 0.05234375 0.6609375 0.08203125 0.13984375
1 0.12890625 0.6171875 0.0734375 0.084375
1 0.1390625 0.70859375 0.0796875 0.096875
1 0.08125 0.76328125 0.0546875 0.121875
1 0.353125 0.45078125 0.11875 0.084375
1 0.4625 0.39375 0.16875 0.0703125
1 0.87578125 0.103125 0.03828125 0.11328125
1 0.909375 0.03671875 0.084375 0.0734375
1 0.96875 0.05234375 0.059375 0.10390625
1 0.27109375 0.0796875 0.16328125 0.159375
1 0.03515625 0.1625 0.0703125 0.25390625
1 0.16875 0.346875 0.17265625 0.1015625
1 0.2265625 0.79453125 0.1890625 0.4109375