1 0.3818359375 0.2099609375 0.240234375 0.19921875
1 0.095703125 0.5390625 0.19140625 0.236328125
1 0.6875 0.2412109375 0.1962890625 0.296875
1 0.814453125 0.3916015625 0.158203125 0.177734375
1 0.35546875 0.5078125 0.146484375 0.37890625
1 0.0576171875 0.1943359375 0.111328125 0.2255859375
1 0.5703125 0.4755859375 0.2216796875 0.0712890625
1 0.955078125 0.365234375 0.080078125 0.0712890625
1 0.7470703125 0.595703125 0.255859375 0.1923828125
1 0.9697265625 0.1474609375 0.05078125 0.16796875
1 0.9306640625 0.6103515625 0.1298828125 0.423828125