1 0.3819444444444444 0.21006944444444445 0.23958333333333334 0.1987847222222222
1 0.0954861111111111 0.5390625 0.1909722222222222 0.2361111111111111
1 0.6875 0.24131944444444445 0.19618055555555555 0.296875
1 0.8151041666666666 0.3914930555555556 0.15885416666666666 0.1779513888888889
1 0.3550347222222222 0.5078125 0.1467013888888889 0.3793402777777778
1 0.057291666666666664 0.19444444444444445 0.11197916666666667 0.22569444444444445
1 0.5703125 0.4756944444444444 0.22135416666666666 0.07118055555555555
1 0.9548611111111112 0.3645833333333333 0.0798611111111111 0.0720486111111111
1 0.7473958333333334 0.5954861111111112 0.2560763888888889 0.19270833333333334
1 0.9704861111111112 0.14756944444444445 0.051215277777777776 0.1675347222222222
1 0.9314236111111112 0.6102430555555556 0.1293402777777778 0.4244791666666667