1 0.028645833333333332 0.6032986111111112 0.057291666666666664 0.203125
1 0.19444444444444445 0.4748263888888889 0.2925347222222222 0.3203125
1 0.049479166666666664 0.20833333333333334 0.09895833333333333 0.3107638888888889
1 0.4748263888888889 0.5173611111111112 0.13802083333333334 0.3689236111111111
1 0.3967013888888889 0.2326388888888889 0.2065972222222222 0.3098958333333333
1 0.7864583333333334 0.625 0.21006944444444445 0.3871527777777778
1 0.7126736111111112 0.2387152777777778 0.2873263888888889 0.3064236111111111
1 0.9522569444444444 0.1796875 0.0954861111111111 0.1579861111111111
1 0.6032986111111112 0.4644097222222222 0.1449652777777778 0.2526041666666667
1 0.8828125 0.375 0.17881944444444445 0.1388888888888889
1 0.9809027777777778 0.625 0.03732638888888889 0.3810763888888889