1 0.8505859375 0.6357421875 0.1669921875 0.1689453125
1 0.25 0.3291015625 0.5 0.302734375
1 0.17578125 0.521484375 0.28515625 0.3291015625
1 0.53515625 0.517578125 0.1552734375 0.3671875
1 0.2890625 0.6796875 0.24609375 0.3232421875
1 0.0673828125 0.7958984375 0.134765625 0.2001953125
1 0.390625 0.861328125 0.28125 0.27734375
1 0.708984375 0.771484375 0.287109375 0.2939453125
1 0.9140625 0.4345703125 0.171875 0.314453125
1 0.7294921875 0.447265625 0.1826171875 0.2119140625
1 0.9287109375 0.8125 0.1416015625 0.1298828125