1 0.20628125000000003 0.6520955882352941 0.41256250000000005 0.3365441176470588
1 0.731828125 0.5538786764705882 0.17710937499999999 0.21753676470588235
1 0.708046875 0.2282720588235294 0.290390625 0.30216911764705884
1 0.928546875 0.18746323529411765 0.14290624999999998 0.13069852941176469
1 0.536171875 0.4841360294117647 0.15546875 0.3717095588235294
1 0.851578125 0.3655330882352941 0.16298437500000001 0.17511029411764706
1 0.9301406249999999 0.49597426470588235 0.13971875 0.16647058823529412
1 0.058750000000000004 0.545514705882353 0.117484375 0.27036764705882355
1 0.257625 0.3548713235294118 0.28346875 0.3399816176470588
1 0.049859375 0.21005514705882353 0.099703125 0.15784926470588237
1 0.3648125 0.13593750000000002 0.275171875 0.25354779411764705