1 0.409375 0.14154411764705882 0.3 0.28308823529411764
1 0.71953125 0.2426470588235294 0.2984375 0.32169117647058826
1 0.934375 0.21415441176470587 0.13125 0.13786764705882354
1 0.73046875 0.5680147058823529 0.184375 0.22426470588235295
1 0.09453125 0.1479779411764706 0.16875 0.2849264705882353
1 0.5375 0.4852941176470588 0.16875 0.37683823529411764
1 0.859375 0.38786764705882354 0.1703125 0.18566176470588236
1 0.2484375 0.6525735294117647 0.496875 0.33088235294117646
1 0.17578125 0.45496323529411764 0.3078125 0.34558823529411764
1 0.30078125 0.3125 0.265625 0.3400735294117647
1 0.9078125 0.5965073529411765 0.184375 0.32536764705882354