1 0.876953125 0.3876953125 0.1787109375 0.1376953125
1 0.6015625 0.46875 0.14453125 0.2451171875
1 0.029296875 0.6025390625 0.05859375 0.201171875
1 0.19921875 0.4736328125 0.283203125 0.3125
1 0.048828125 0.2099609375 0.09765625 0.3115234375
1 0.4765625 0.5166015625 0.1376953125 0.37109375
1 0.3955078125 0.228515625 0.2041015625 0.3056640625
1 0.7607421875 0.599609375 0.1728515625 0.357421875
1 0.7138671875 0.2373046875 0.283203125 0.3173828125
1 0.951171875 0.1826171875 0.0966796875 0.1650390625
1 0.263671875 0.6845703125 0.484375 0.2724609375