1 0.6031093750000001 0.4659375 0.143921875 0.246875
1 0.8782343750000001 0.38238970588235294 0.174359375 0.13520220588235293
1 0.028828125 0.6047058823529411 0.05765625 0.19970588235294118
1 0.195203125 0.47858455882352946 0.293015625 0.3227757352941176
1 0.04921875 0.20704044117647058 0.098453125 0.31227941176470586
1 0.47868750000000004 0.5206801470588235 0.137265625 0.3733823529411765
1 0.39878125 0.2331985294117647 0.20770312500000002 0.312297794117647
1 0.7810937499999999 0.6114338235294118 0.17434375 0.37597426470588236
1 0.9544375 0.1786764705882353 0.091140625 0.1623529411764706
1 0.71603125 0.2371139705882353 0.286296875 0.3106066176470588
1 0.8908437499999999 0.5926286764705883 0.21832812499999998 0.4562683823529412