1 0.17344393004115224 0.6040509259259259 0.2121141975308642 0.2527777777777778
1 0.48546167695473247 0.8685763888888889 0.24742798353909462 0.20671296296296304
1 0.22280092592592593 0.29641203703703706 0.3085005144032922 0.2159722222222222
1 0.38053626543209873 0.1587962962962963 0.18654835390946506 0.1715277777777778
1 0.46959233539094647 0.6111111111111112 0.3871141975308642 0.17106481481481475
1 0.13858024691358026 0.9297453703703703 0.23238168724279834 0.12789351851851866
1 0.45023148148148145 0.39797453703703706 0.08434927983539096 0.2269675925925926
1 0.36190843621399177 0.03159722222222222 0.07764917695473253 0.06319444444444444
1 0.5805169753086419 0.2129050925925926 0.20793467078189287 0.26979166666666665
1 0.1458204732510288 0.025636574074074072 0.16975308641975306 0.051273148148148144
1 0.6061792695473252 0.053125000000000006 0.4312242798353909 0.10625000000000001