1 0.603515625 0.4658203125 0.1435546875 0.2470703125
1 0.8779296875 0.3828125 0.1748046875 0.134765625
1 0.029296875 0.6044921875 0.0576171875 0.19921875
1 0.1953125 0.478515625 0.29296875 0.3232421875
1 0.048828125 0.205078125 0.09765625 0.3125
1 0.478515625 0.5205078125 0.1376953125 0.373046875
1 0.3984375 0.2333984375 0.2080078125 0.3125
1 0.78125 0.611328125 0.1748046875 0.3759765625
1 0.9541015625 0.1787109375 0.091796875 0.162109375
1 0.7158203125 0.2373046875 0.2861328125 0.310546875
1 0.890625 0.591796875 0.21875 0.4560546875