1 0.4513888888888889 0.19270833333333334 0.2708333333333333 0.2760416666666667
1 0.7109375 0.24131944444444445 0.2569444444444444 0.2699652777777778
1 0.04774305555555555 0.2109375 0.0954861111111111 0.3133680555555556
1 0.028645833333333332 0.6006944444444444 0.057291666666666664 0.20833333333333334
1 0.19010416666666666 0.4774305555555556 0.28125 0.3272569444444444
1 0.4305555555555556 0.5789930555555556 0.2795138888888889 0.3767361111111111
1 0.8168402777777778 0.5963541666666666 0.2682291666666667 0.19010416666666666
1 0.9305555555555556 0.16927083333333334 0.1388888888888889 0.3177083333333333
1 0.6336805555555556 0.4600694444444444 0.21875 0.11631944444444445
1 0.9175347222222222 0.4557291666666667 0.16493055555555555 0.1545138888888889
1 0.9739583333333334 0.625 0.052083333333333336 0.3828125