1 0.5939107510288066 0.8128858024691358 0.178420781893004 0.16980452674897112
1 0.41010802469135804 0.7026234567901235 0.22080761316872433 0.18616255144032914
1 0.3205054012345679 0.241943158436214 0.32426697530864196 0.483886316872428
1 0.5133873456790123 0.14994212962962963 0.341332304526749 0.29988425925925927
1 0.6585776748971193 0.25001286008230456 0.34255401234567906 0.2643389917695473
1 0.48945473251028804 0.5075360082304526 0.3763374485596709 0.18153292181069958
1 0.8239840534979425 0.05933641975308642 0.27911522633744845 0.11867283950617284
1 0.839673353909465 0.34572402263374485 0.294457304526749 0.30475823045267486
1 0.7357060185185185 0.6651556069958848 0.3189429012345681 0.30967078189300423
1 0.38571887860082305 0.8892618312757201 0.31958590534979425 0.18855452674897125
1 0.7599987139917695 0.8809284979423868 0.13585390946502052 0.14997427983539108