1 0.8671875 0.46139705882352944 0.1953125 0.20772058823529413
1 0.24765625 0.6011029411764706 0.4953125 0.4264705882352941
1 0.18828125 0.39338235294117646 0.340625 0.3952205882352941
1 0.53828125 0.49264705882352944 0.221875 0.39889705882352944
1 0.32890625 0.2693014705882353 0.3015625 0.3805147058823529
1 0.134375 0.10661764705882353 0.16875 0.21323529411764705
1 0.46328125 0.14613970588235295 0.3265625 0.2922794117647059
1 0.7546875 0.29044117647058826 0.3359375 0.36213235294117646
1 0.8890625 0.6746323529411765 0.221875 0.35294117647058826
1 0.71328125 0.6121323529411765 0.21875 0.2555147058823529
1 0.9484375 0.30974264705882354 0.103125 0.1636029411764706