1 0.2060546875 0.34765625 0.412109375 0.3369140625
1 0.7314453125 0.4462890625 0.1767578125 0.2177734375
1 0.7080078125 0.771484375 0.2900390625 0.3017578125
1 0.9287109375 0.8125 0.142578125 0.130859375
1 0.5361328125 0.515625 0.1552734375 0.3720703125
1 0.8515625 0.634765625 0.1630859375 0.1748046875
1 0.9296875 0.50390625 0.1396484375 0.166015625
1 0.05859375 0.4541015625 0.1171875 0.2705078125
1 0.2578125 0.6455078125 0.283203125 0.33984375
1 0.0498046875 0.7900390625 0.099609375 0.158203125
1 0.365234375 0.8642578125 0.275390625 0.25390625