1 0.3940972222222222 0.13975694444444445 0.2881944444444444 0.2795138888888889
1 0.7074652777777778 0.22916666666666666 0.2855902777777778 0.3038194444444444
1 0.9288194444444444 0.1875 0.14149305555555555 0.1293402777777778
1 0.7326388888888888 0.5538194444444444 0.17447916666666666 0.21354166666666666
1 0.07899305555555555 0.1736111111111111 0.15711805555555555 0.2760416666666667
1 0.5364583333333334 0.4826388888888889 0.1519097222222222 0.3671875
1 0.8541666666666666 0.3663194444444444 0.1623263888888889 0.1762152777777778
1 0.2482638888888889 0.6675347222222222 0.4965277777777778 0.3012152777777778
1 0.1736111111111111 0.4756944444444444 0.2942708333333333 0.3272569444444444
1 0.2925347222222222 0.3246527777777778 0.2517361111111111 0.3255208333333333
1 0.9131944444444444 0.5720486111111112 0.1736111111111111 0.3159722222222222