1 0.8505859375 0.3642578125 0.1669921875 0.1689453125
1 0.25 0.6708984375 0.5 0.302734375
1 0.17578125 0.478515625 0.28515625 0.3291015625
1 0.53515625 0.482421875 0.1552734375 0.3671875
1 0.2890625 0.3203125 0.24609375 0.3232421875
1 0.0673828125 0.2041015625 0.134765625 0.2001953125
1 0.390625 0.138671875 0.28125 0.27734375
1 0.708984375 0.228515625 0.287109375 0.2939453125
1 0.9140625 0.5654296875 0.171875 0.314453125
1 0.7294921875 0.552734375 0.1826171875 0.2119140625
1 0.9287109375 0.1875 0.1416015625 0.1298828125