1 0.20572916666666666 0.6493055555555556 0.4114583333333333 0.3368055555555556
1 0.7126736111111112 0.2326388888888889 0.2907986111111111 0.296875
1 0.7326388888888888 0.5529513888888888 0.1779513888888889 0.21614583333333334
1 0.9305555555555556 0.1875 0.1388888888888889 0.13020833333333334
1 0.5338541666666666 0.4852430555555556 0.1579861111111111 0.3715277777777778
1 0.8506944444444444 0.3671875 0.16493055555555555 0.17708333333333334
1 0.9288194444444444 0.4913194444444444 0.1423611111111111 0.16666666666666666
1 0.059027777777777776 0.5416666666666666 0.11805555555555555 0.2638888888888889
1 0.2604166666666667 0.3524305555555556 0.2838541666666667 0.3420138888888889
1 0.08072916666666667 0.17274305555555555 0.16145833333333334 0.2673611111111111
1 0.3454861111111111 0.12586805555555555 0.2907986111111111 0.2517361111111111