1 0.60546875 0.1396484375 0.2880859375 0.279296875
1 0.2919921875 0.2294921875 0.28515625 0.3046875
1 0.0712890625 0.1875 0.1416015625 0.12890625
1 0.2666015625 0.5537109375 0.1748046875 0.212890625
1 0.9208984375 0.1728515625 0.1572265625 0.275390625
1 0.4638671875 0.4833984375 0.15234375 0.3671875
1 0.1455078125 0.3662109375 0.1630859375 0.17578125
1 0.751953125 0.666015625 0.49609375 0.30078125
1 0.826171875 0.4755859375 0.2939453125 0.3271484375
1 0.7080078125 0.3251953125 0.2509765625 0.3251953125
1 0.0869140625 0.572265625 0.1728515625 0.3154296875