1 0.8773593749999999 0.38779411764705884 0.17878125 0.1372794117647059
1 0.6013124999999999 0.46900735294117646 0.144234375 0.24472426470588235
1 0.0296875 0.6033639705882353 0.059375 0.20169117647058823
1 0.19889062500000002 0.4737867647058824 0.28326562499999997 0.31279411764705883
1 0.048843750000000005 0.21018382352941178 0.09768750000000001 0.3115808823529412
1 0.47698437499999996 0.5164705882352941 0.138140625 0.37128676470588234
1 0.39528125 0.22840073529411764 0.20409375000000002 0.305625
1 0.760671875 0.5994485294117647 0.17265625 0.356985294117647
1 0.713484375 0.23737132352941176 0.28325 0.31751838235294116
1 0.95153125 0.18246323529411765 0.0969375 0.1649080882352941
1 0.263890625 0.6845588235294118 0.48415625 0.27213235294117644