1 0.0283203125 0.603515625 0.056640625 0.20703125
1 0.1962890625 0.4794921875 0.291015625 0.3251953125
1 0.4755859375 0.5205078125 0.140625 0.37109375
1 0.048828125 0.2109375 0.0966796875 0.314453125
1 0.3974609375 0.232421875 0.20703125 0.3125
1 0.783203125 0.6083984375 0.169921875 0.3623046875
1 0.7138671875 0.234375 0.2861328125 0.3076171875
1 0.9560546875 0.1806640625 0.0869140625 0.158203125
1 0.6025390625 0.46484375 0.146484375 0.2451171875
1 0.8681640625 0.3759765625 0.154296875 0.125
1 0.87890625 0.5927734375 0.2421875 0.455078125