1 0.3971257716049383 0.03746141975308642 0.20397376543209875 0.06180555555555556
1 0.528054269547325 0.2061149691358025 0.32376543209876535 0.29876543209876544
1 0.7923996913580247 0.06707175925925926 0.31222993827160495 0.10586419753086419
1 0.489673353909465 0.48555169753086425 0.3701131687242799 0.1470679012345679
1 0.7732381687242798 0.41375385802469133 0.3120884773662552 0.21346450617283955
1 0.38665123456790124 0.7947916666666667 0.39026491769547317 0.21867283950617297
1 0.7718428497942387 0.729591049382716 0.30982510288065845 0.29498456790123445
1 0.8344200102880658 0.9604938271604939 0.159400720164609 0.07901234567901207
1 0.5445280349794239 0.6152006172839506 0.25563271604938265 0.151466049382716
1 0.6380787037037037 0.8967013888888888 0.14153806584362152 0.18190586419753096
1 0.3895318930041152 0.9829475308641976 0.3825102880658437 0.034104938271604844