1 0.451171875 0.8076171875 0.271484375 0.275390625
1 0.7109375 0.7587890625 0.2568359375 0.26953125
1 0.0478515625 0.7890625 0.095703125 0.3134765625
1 0.029296875 0.3984375 0.0576171875 0.208984375
1 0.1904296875 0.5224609375 0.28125 0.3271484375
1 0.4306640625 0.4208984375 0.279296875 0.376953125
1 0.8173828125 0.404296875 0.2685546875 0.1904296875
1 0.9306640625 0.8310546875 0.138671875 0.318359375
1 0.6337890625 0.5400390625 0.21875 0.1162109375
1 0.91796875 0.5439453125 0.1640625 0.154296875
1 0.9736328125 0.375 0.052734375 0.3828125