1 0.1494140625 0.361328125 0.16015625 0.169921875
1 0.2705078125 0.552734375 0.173828125 0.2109375
1 0.751953125 0.6669921875 0.4951171875 0.2978515625
1 0.8232421875 0.4775390625 0.287109375 0.3251953125
1 0.7099609375 0.326171875 0.2451171875 0.3291015625
1 0.4619140625 0.482421875 0.158203125 0.369140625
1 0.919921875 0.171875 0.1591796875 0.2705078125
1 0.603515625 0.1396484375 0.2880859375 0.279296875
1 0.2890625 0.2275390625 0.2900390625 0.3037109375
1 0.0849609375 0.5673828125 0.1689453125 0.310546875
1 0.0712890625 0.1923828125 0.142578125 0.12890625